#Exporter v1.0
15 
20
15
98.0 98.0 98.0 98.0 98.0 98.0 98.0 98.0 98.0 98.0 98.0 98.0 98.0 98.0 98.0 
98.0 98.0 98.0 98.0 98.0 98.0 98.0 98.0 98.0 98.0 98.0 98.0 98.0 98.0 98.0 
98.0 98.0 98.0 98.0 98.0 98.0 98.0 98.0 98.0 98.0 98.0 98.0 98.0 98.0 98.0 
98.0 98.0 98.0 98.0 98.0 98.0 98.0 98.0 98.0 98.0 98.0 98.0 98.0 98.0 98.0 
98.0 98.0 98.0 98.0 98.0 98.0 98.0 98.0 98.0 98.0 98.0 98.0 98.0 98.0 98.0 
98.0 98.0 98.0 98.0 98.0 98.0 98.0 98.0 98.0 98.0 98.0 98.0 98.0 98.0 98.0 
98.0 98.0 98.0 98.0 98.0 98.0 98.0 98.0 98.0 98.0 98.0 98.0 98.0 98.0 98.0 
98.0 98.0 98.0 98.0 98.0 98.0 98.0 98.0 98.0 98.0 98.0 98.0 98.0 98.0 98.0 
98.0 98.0 98.0 98.0 98.0 98.0 98.0 98.0 98.0 98.0 98.0 98.0 98.0 98.0 98.0 
98.0 98.0 98.0 98.0 98.0 98.0 98.0 98.0 98.0 98.0 98.0 98.0 98.0 98.0 98.0 
98.0 98.0 98.0 98.0 98.0 98.0 98.0 98.0 98.0 98.0 98.0 98.0 98.0 98.0 98.0 
98.0 98.0 98.0 98.0 98.0 98.0 98.0 98.0 98.0 98.0 98.0 98.0 98.0 98.0 98.0 
98.0 98.0 98.0 98.0 98.0 98.0 98.0 98.0 98.0 98.0 98.0 98.0 98.0 98.0 98.0 
98.0 98.0 98.0 98.0 98.0 98.0 98.0 98.0 98.0 98.0 98.0 98.0 98.0 98.0 98.0 
98.0 98.0 98.0 98.0 98.0 98.0 98.0 98.0 98.0 98.0 98.0 98.0 98.0 98.0 98.0 
98.0 98.0 98.0 98.0 98.0 98.0 98.0 98.0 98.0 98.0 98.0 98.0 98.0 98.0 98.0 
98.0 98.0 98.0 98.0 98.0 98.0 98.0 98.0 98.0 98.0 98.0 98.0 98.0 98.0 98.0 
98.0 98.0 98.0 98.0 98.0 98.0 98.0 98.0 98.0 98.0 98.0 98.0 98.0 98.0 98.0 
98.0 98.0 98.0 98.0 98.0 98.0 98.0 98.0 98.0 98.0 98.0 98.0 98.0 98.0 98.0 
98.0 98.0 98.0 98.0 98.0 98.0 98.0 98.0 98.0 98.0 98.0 98.0 98.0 98.0 98.0 
98.0 98.0 98.0 98.0 98.0 98.0 98.0 98.0 98.0 98.0 98.0 98.0 98.0 98.0 98.0 
98.0 98.0 98.0 98.0 98.0 98.0 98.0 98.0 98.0 98.0 98.0 98.0 98.0 98.0 98.0 
98.0 98.0 98.0 98.0 98.0 98.0 98.0 98.0 98.0 98.0 98.0 98.0 98.0 98.0 98.0 
98.0 98.0 98.0 98.0 44.05 44.05 44.05 44.05 44.05 44.05 44.05 98.0 98.0 98.0 98.0 
98.0 44.05 44.05 0.0 0.0 0.0 0.0 0.0 0.0 0.0 0.0 0.0 44.05 44.05 98.0 
98.0 0.0 0.0 0.0 0.0 0.0 0.0 0.0 0.0 0.0 0.0 0.0 0.0 0.0 98.0 
98.0 0.0 0.0 0.0 0.0 0.0 0.0 0.0 0.0 0.0 0.0 0.0 0.0 0.0 98.0 
98.0 0.0 0.0 0.0 0.0 0.0 0.0 0.0 0.0 0.0 0.0 0.0 0.0 0.0 98.0 
98.0 0.0 0.0 0.0 0.0 0.0 0.0 0.0 0.0 0.0 0.0 0.0 0.0 0.0 98.0 
98.0 0.0 0.0 0.0 0.0 0.0 0.0 0.0 0.0 0.0 0.0 98.0 0.0 0.0 98.0 
98.0 98.0 98.0 98.0 98.0 98.0 98.0 98.0 98.0 98.0 98.0 98.0 98.0 98.0 98.0 
98.0 98.0 98.0 98.0 98.0 98.0 98.0 98.0 98.0 98.0 98.0 98.0 98.0 98.0 98.0 
98.0 0.0 0.0 0.0 0.0 0.0 0.0 0.0 0.0 0.0 0.0 0.0 0.0 0.0 98.0 
98.0 0.0 0.0 0.0 0.0 0.0 0.0 0.0 0.0 0.0 0.0 0.0 0.0 0.0 98.0 
98.0 0.0 0.0 0.0 0.0 0.0 0.0 0.0 0.0 0.0 0.0 0.0 0.0 0.0 98.0 
98.0 0.0 0.0 0.0 0.0 0.0 0.0 0.0 0.0 0.0 0.0 0.0 0.0 0.0 98.0 
98.0 0.0 0.0 0.0 0.0 0.0 0.0 0.0 0.0 0.0 0.0 0.0 0.0 0.0 98.0 
98.0 0.0 0.0 0.0 0.0 0.0 0.0 0.0 0.0 0.0 0.0 0.0 0.0 0.0 98.0 
98.0 0.0 0.0 0.0 0.0 0.0 0.0 0.0 0.0 0.0 0.0 0.0 0.0 0.0 98.0 
98.0 98.0 98.0 98.0 98.0 98.0 98.0 98.0 98.0 98.0 98.0 98.0 98.0 98.0 98.0 
98.0 98.0 98.0 98.0 98.0 98.0 98.0 98.0 98.0 98.0 98.0 98.0 98.0 98.0 98.0 
98.0 98.0 98.0 98.0 98.0 98.0 98.0 98.0 98.0 98.0 98.0 98.0 98.0 98.0 98.0 
98.0 98.0 98.0 98.0 98.0 98.0 98.0 98.0 98.0 98.0 98.0 98.0 98.0 98.0 98.0 
98.0 98.0 98.0 98.0 44.05 44.05 44.05 44.05 44.05 44.05 44.05 98.0 98.0 98.0 98.0 
98.0 44.05 44.05 0.0 0.0 0.0 0.0 0.0 0.0 0.0 0.0 0.0 44.05 44.05 98.0 
98.0 0.0 0.0 0.0 0.0 0.0 0.0 0.0 0.0 0.0 0.0 0.0 0.0 0.0 98.0 
98.0 0.0 0.0 0.0 0.0 0.0 0.0 0.0 0.0 0.0 0.0 0.0 0.0 0.0 98.0 
98.0 0.0 0.0 0.0 0.0 0.0 0.0 0.0 0.0 0.0 0.0 0.0 0.0 0.0 98.0 
98.0 0.0 0.0 0.0 0.0 0.0 0.0 0.0 0.0 0.0 0.0 0.0 0.0 0.0 98.0 
98.0 0.0 0.0 0.0 0.0 0.0 0.0 0.0 0.0 0.0 0.0 98.0 0.0 0.0 98.0 
98.0 98.0 98.0 98.0 98.0 98.0 98.0 98.0 98.0 98.0 98.0 98.0 98.0 98.0 98.0 
98.0 98.0 98.0 98.0 98.0 98.0 98.0 98.0 98.0 98.0 98.0 98.0 98.0 98.0 98.0 
98.0 0.0 0.0 0.0 0.0 0.0 0.0 0.0 0.0 0.0 0.0 0.0 0.0 0.0 98.0 
98.0 0.0 0.0 0.0 0.0 0.0 0.0 0.0 0.0 0.0 0.0 0.0 0.0 0.0 98.0 
98.0 0.0 0.0 0.0 0.0 0.0 0.0 0.0 0.0 0.0 0.0 0.0 0.0 0.0 98.0 
98.0 0.0 0.0 0.0 0.0 0.0 0.0 0.0 0.0 0.0 0.0 0.0 0.0 0.0 98.0 
98.0 0.0 0.0 0.0 0.0 0.0 0.0 0.0 0.0 0.0 0.0 0.0 0.0 0.0 98.0 
98.0 0.0 0.0 0.0 0.0 0.0 0.0 0.0 0.0 0.0 0.0 0.0 0.0 0.0 98.0 
98.0 0.0 0.0 0.0 0.0 0.0 0.0 0.0 0.0 0.0 0.0 0.0 0.0 0.0 98.0 
98.0 98.0 98.0 98.0 98.0 98.0 98.0 98.0 98.0 98.0 98.0 98.0 98.0 98.0 98.0 
98.0 98.0 98.0 98.0 98.0 98.0 98.0 98.0 98.0 98.0 98.0 98.0 98.0 98.0 98.0 
98.0 98.0 98.0 98.0 98.0 98.0 98.0 98.0 98.0 98.0 98.0 98.0 98.0 98.0 98.0 
98.0 98.0 98.0 98.0 98.0 98.0 98.0 98.0 98.0 98.0 98.0 98.0 98.0 98.0 98.0 
98.0 98.0 98.0 98.0 0.0 0.0 0.0 0.0 0.0 0.0 0.0 98.0 98.0 98.0 98.0 
98.0 98.0 98.0 98.0 0.0 0.0 0.0 0.0 0.0 0.0 0.0 98.0 98.0 98.0 98.0 
98.0 0.0 0.0 98.0 0.0 0.0 0.0 0.0 0.0 0.0 0.0 98.0 0.0 0.0 98.0 
98.0 0.0 0.0 98.0 0.0 0.0 0.0 0.0 0.0 0.0 0.0 98.0 0.0 0.0 98.0 
98.0 0.0 0.0 98.0 0.0 0.0 0.0 0.0 0.0 0.0 0.0 98.0 0.0 0.0 98.0 
98.0 0.0 0.0 98.0 98.0 98.0 98.0 98.0 98.0 98.0 98.0 98.0 0.0 0.0 98.0 
98.0 0.0 0.0 98.0 98.0 98.0 98.0 98.0 98.0 98.0 98.0 98.0 0.0 0.0 98.0 
98.0 98.0 98.0 98.0 98.0 98.0 98.0 98.0 98.0 98.0 98.0 98.0 98.0 98.0 98.0 
98.0 98.0 98.0 98.0 98.0 98.0 98.0 98.0 98.0 98.0 98.0 98.0 98.0 98.0 98.0 
98.0 0.0 0.0 0.0 0.0 0.0 0.0 0.0 0.0 0.0 0.0 0.0 0.0 0.0 98.0 
98.0 0.0 0.0 0.0 0.0 0.0 0.0 0.0 0.0 0.0 0.0 0.0 0.0 0.0 98.0 
98.0 0.0 0.0 0.0 0.0 0.0 0.0 0.0 0.0 0.0 0.0 0.0 0.0 0.0 98.0 
98.0 0.0 0.0 0.0 0.0 0.0 0.0 0.0 0.0 0.0 0.0 0.0 0.0 0.0 98.0 
98.0 0.0 0.0 0.0 0.0 0.0 0.0 0.0 0.0 0.0 0.0 0.0 0.0 0.0 98.0 
98.0 0.0 0.0 0.0 0.0 0.0 0.0 0.0 0.0 0.0 0.0 0.0 0.0 0.0 98.0 
98.0 0.0 0.0 0.0 0.0 0.0 0.0 0.0 0.0 0.0 0.0 0.0 0.0 0.0 98.0 
98.0 98.0 98.0 98.0 98.0 98.0 98.0 98.0 98.0 98.0 98.0 98.0 98.0 98.0 98.0 
98.0 98.0 98.0 98.0 98.0 98.0 98.0 98.0 98.0 98.0 98.0 98.0 98.0 98.0 98.0 
98.0 98.0 98.0 98.0 98.0 98.0 98.0 98.0 98.0 98.0 98.0 98.0 98.0 98.0 98.0 
98.0 98.0 98.0 98.0 98.0 98.0 98.0 98.0 98.0 98.0 98.0 98.0 98.0 98.0 98.0 
98.0 98.0 98.0 98.0 0.0 0.0 0.0 0.0 0.0 0.0 0.0 98.0 98.0 98.0 98.0 
98.0 98.0 98.0 98.0 0.0 0.0 0.0 0.0 0.0 0.0 0.0 98.0 98.0 98.0 98.0 
98.0 44.05 44.05 98.0 0.0 0.0 0.0 0.0 0.0 0.0 0.0 98.0 44.05 44.05 98.0 
98.0 0.0 0.0 98.0 0.0 0.0 0.0 0.0 0.0 0.0 0.0 98.0 0.0 0.0 98.0 
98.0 0.0 0.0 98.0 0.0 0.0 0.0 0.0 0.0 0.0 0.0 98.0 0.0 0.0 98.0 
98.0 0.0 0.0 98.0 0.0 0.0 0.0 0.0 0.0 0.0 0.0 98.0 0.0 0.0 98.0 
98.0 0.0 0.0 98.0 0.0 0.0 0.0 0.0 0.0 0.0 0.0 98.0 0.0 0.0 98.0 
98.0 98.0 98.0 98.0 98.0 98.0 98.0 98.0 98.0 98.0 98.0 98.0 98.0 98.0 98.0 
98.0 98.0 98.0 98.0 98.0 98.0 98.0 98.0 98.0 98.0 98.0 98.0 98.0 98.0 98.0 
98.0 0.0 0.0 0.0 0.0 0.0 0.0 0.0 0.0 0.0 0.0 0.0 0.0 0.0 98.0 
98.0 0.0 0.0 0.0 0.0 0.0 0.0 0.0 0.0 0.0 0.0 0.0 0.0 0.0 98.0 
98.0 0.0 0.0 0.0 0.0 0.0 0.0 0.0 0.0 0.0 0.0 0.0 0.0 0.0 98.0 
98.0 0.0 0.0 0.0 0.0 0.0 0.0 0.0 0.0 0.0 0.0 0.0 0.0 0.0 98.0 
98.0 0.0 0.0 0.0 0.0 0.0 0.0 0.0 0.0 0.0 0.0 0.0 0.0 0.0 98.0 
98.0 0.0 0.0 0.0 0.0 0.0 0.0 0.0 0.0 0.0 0.0 0.0 0.0 0.0 98.0 
98.0 0.0 0.0 0.0 0.0 0.0 0.0 0.0 0.0 0.0 0.0 0.0 0.0 0.0 98.0 
98.0 98.0 98.0 98.0 98.0 98.0 98.0 98.0 98.0 98.0 98.0 98.0 98.0 98.0 98.0 
98.0 98.0 98.0 98.0 98.0 98.0 98.0 98.0 98.0 98.0 98.0 98.0 98.0 98.0 98.0 
98.0 98.0 98.0 98.0 98.0 98.0 98.0 98.0 98.0 98.0 98.0 98.0 98.0 98.0 98.0 
98.0 98.0 98.0 98.0 44.05 44.05 44.05 44.05 44.05 44.05 44.05 98.0 98.0 98.0 98.0 
98.0 98.0 98.0 98.0 0.0 0.0 0.0 0.0 0.0 0.0 0.0 98.0 98.0 98.0 98.0 
98.0 98.0 98.0 98.0 0.0 0.0 0.0 0.0 0.0 0.0 0.0 98.0 98.0 98.0 98.0 
98.0 98.0 98.0 98.0 0.0 0.0 0.0 0.0 0.0 0.0 0.0 98.0 98.0 98.0 98.0 
98.0 0.0 0.0 98.0 0.0 0.0 0.0 0.0 0.0 0.0 0.0 98.0 0.0 0.0 98.0 
98.0 0.0 0.0 98.0 0.0 0.0 0.0 0.0 0.0 0.0 0.0 98.0 0.0 0.0 98.0 
98.0 0.0 0.0 98.0 0.0 0.0 0.0 0.0 0.0 0.0 0.0 98.0 0.0 0.0 98.0 
98.0 0.0 0.0 98.0 0.0 0.0 0.0 0.0 0.0 0.0 0.0 98.0 0.0 0.0 98.0 
98.0 98.0 98.0 98.0 98.0 98.0 98.0 98.0 98.0 98.0 98.0 98.0 98.0 98.0 98.0 
98.0 98.0 98.0 98.0 98.0 98.0 98.0 98.0 98.0 98.0 98.0 98.0 98.0 98.0 98.0 
98.0 0.0 0.0 0.0 0.0 0.0 0.0 0.0 0.0 0.0 0.0 0.0 0.0 0.0 98.0 
98.0 0.0 0.0 0.0 0.0 0.0 0.0 0.0 0.0 0.0 0.0 0.0 0.0 0.0 98.0 
98.0 0.0 0.0 0.0 0.0 0.0 0.0 0.0 0.0 0.0 0.0 0.0 0.0 0.0 98.0 
98.0 0.0 0.0 0.0 0.0 0.0 0.0 0.0 0.0 0.0 0.0 0.0 0.0 0.0 98.0 
98.0 0.0 0.0 0.0 0.0 0.0 0.0 0.0 0.0 0.0 0.0 0.0 0.0 0.0 98.0 
98.0 0.0 0.0 0.0 0.0 0.0 0.0 0.0 0.0 0.0 0.0 0.0 0.0 0.0 98.0 
98.0 0.0 0.0 0.0 0.0 0.0 0.0 0.0 0.0 0.0 0.0 0.0 0.0 0.0 98.0 
98.0 98.0 98.0 98.0 98.0 98.0 98.0 98.0 98.0 98.0 98.0 98.0 98.0 98.0 98.0 
98.0 98.0 98.0 98.0 98.0 98.0 98.0 98.0 98.0 98.0 98.0 98.0 98.0 98.0 98.0 
98.0 98.0 98.0 98.0 98.0 98.0 98.0 98.0 98.0 98.0 98.0 98.0 98.0 98.0 98.0 
98.0 98.0 98.0 98.0 44.05 44.05 44.05 44.05 44.05 44.05 44.05 98.0 98.0 98.0 98.0 
98.0 98.0 98.0 98.0 0.0 0.0 0.0 0.0 0.0 0.0 0.0 98.0 98.0 98.0 98.0 
98.0 98.0 98.0 98.0 0.0 0.0 0.0 0.0 0.0 0.0 0.0 98.0 98.0 98.0 98.0 
98.0 98.0 98.0 98.0 0.0 0.0 0.0 0.0 0.0 0.0 0.0 98.0 98.0 98.0 98.0 
98.0 44.05 44.05 98.0 0.0 0.0 0.0 0.0 0.0 0.0 0.0 98.0 44.05 44.05 98.0 
98.0 0.0 0.0 98.0 0.0 0.0 0.0 0.0 0.0 0.0 0.0 98.0 0.0 0.0 98.0 
98.0 0.0 0.0 98.0 0.0 0.0 0.0 0.0 0.0 0.0 0.0 98.0 0.0 0.0 98.0 
98.0 0.0 0.0 98.0 0.0 0.0 0.0 0.0 0.0 0.0 0.0 98.0 0.0 0.0 98.0 
98.0 98.0 98.0 98.0 98.0 98.0 98.0 98.0 98.0 98.0 98.0 98.0 98.0 98.0 98.0 
98.0 98.0 98.0 98.0 98.0 98.0 98.0 98.0 98.0 98.0 98.0 98.0 98.0 98.0 98.0 
98.0 0.0 0.0 0.0 0.0 0.0 0.0 0.0 0.0 0.0 0.0 0.0 0.0 0.0 98.0 
98.0 0.0 0.0 0.0 0.0 0.0 0.0 0.0 0.0 0.0 0.0 0.0 0.0 0.0 98.0 
98.0 0.0 0.0 0.0 0.0 0.0 0.0 0.0 0.0 0.0 0.0 0.0 0.0 0.0 98.0 
98.0 0.0 0.0 0.0 0.0 0.0 0.0 0.0 0.0 0.0 0.0 0.0 0.0 0.0 98.0 
98.0 0.0 0.0 0.0 0.0 0.0 0.0 0.0 0.0 0.0 0.0 0.0 0.0 0.0 98.0 
98.0 0.0 0.0 0.0 0.0 0.0 0.0 0.0 0.0 0.0 0.0 0.0 0.0 0.0 98.0 
98.0 0.0 0.0 0.0 0.0 0.0 0.0 0.0 0.0 0.0 0.0 0.0 0.0 0.0 98.0 
98.0 98.0 98.0 98.0 98.0 98.0 98.0 98.0 98.0 98.0 98.0 98.0 98.0 98.0 98.0 
98.0 98.0 98.0 98.0 98.0 98.0 98.0 98.0 98.0 98.0 98.0 98.0 98.0 98.0 98.0 
98.0 98.0 98.0 98.0 98.0 98.0 98.0 98.0 98.0 98.0 98.0 98.0 98.0 98.0 98.0 
98.0 98.0 98.0 98.0 0.0 0.0 0.0 0.0 0.0 0.0 0.0 98.0 98.0 98.0 98.0 
98.0 98.0 98.0 98.0 0.0 0.0 0.0 0.0 0.0 0.0 0.0 98.0 98.0 98.0 98.0 
98.0 98.0 98.0 98.0 0.0 0.0 0.0 0.0 0.0 0.0 0.0 98.0 98.0 98.0 98.0 
98.0 98.0 98.0 98.0 0.0 0.0 0.0 0.0 0.0 0.0 0.0 98.0 98.0 98.0 98.0 
98.0 98.0 98.0 98.0 0.0 0.0 0.0 0.0 0.0 0.0 0.0 98.0 98.0 98.0 98.0 
98.0 0.0 0.0 98.0 0.0 0.0 0.0 0.0 0.0 0.0 0.0 98.0 0.0 0.0 98.0 
98.0 0.0 0.0 98.0 0.0 0.0 0.0 0.0 0.0 0.0 0.0 98.0 0.0 0.0 98.0 
98.0 0.0 0.0 98.0 0.0 0.0 0.0 0.0 0.0 0.0 0.0 98.0 0.0 0.0 98.0 
98.0 98.0 98.0 98.0 98.0 98.0 98.0 98.0 98.0 98.0 98.0 98.0 98.0 98.0 98.0 
98.0 98.0 98.0 98.0 98.0 98.0 98.0 98.0 98.0 98.0 98.0 98.0 98.0 98.0 98.0 
98.0 0.0 0.0 0.0 0.0 0.0 0.0 0.0 0.0 0.0 0.0 0.0 0.0 0.0 98.0 
98.0 0.0 0.0 0.0 0.0 0.0 0.0 0.0 0.0 0.0 0.0 0.0 0.0 0.0 98.0 
98.0 0.0 0.0 0.0 0.0 0.0 0.0 0.0 0.0 0.0 0.0 0.0 0.0 0.0 98.0 
98.0 0.0 0.0 0.0 0.0 0.0 0.0 0.0 0.0 0.0 0.0 0.0 0.0 0.0 98.0 
98.0 0.0 0.0 0.0 0.0 0.0 0.0 0.0 0.0 0.0 0.0 0.0 0.0 0.0 98.0 
98.0 0.0 0.0 0.0 0.0 0.0 0.0 0.0 0.0 0.0 0.0 0.0 0.0 0.0 98.0 
98.0 0.0 0.0 0.0 0.0 0.0 0.0 0.0 0.0 0.0 0.0 0.0 0.0 0.0 98.0 
98.0 98.0 98.0 98.0 98.0 98.0 98.0 98.0 98.0 98.0 98.0 98.0 98.0 98.0 98.0 
98.0 98.0 98.0 98.0 98.0 98.0 98.0 98.0 98.0 98.0 98.0 98.0 98.0 98.0 98.0 
98.0 98.0 98.0 98.0 98.0 98.0 98.0 98.0 98.0 98.0 98.0 98.0 98.0 98.0 98.0 
98.0 98.0 98.0 98.0 0.0 0.0 0.0 0.0 0.0 0.0 0.0 98.0 98.0 98.0 98.0 
98.0 98.0 98.0 98.0 0.0 0.0 0.0 0.0 0.0 0.0 0.0 98.0 98.0 98.0 98.0 
98.0 98.0 98.0 98.0 0.0 0.0 0.0 0.0 0.0 0.0 0.0 98.0 98.0 98.0 98.0 
98.0 98.0 98.0 98.0 0.0 0.0 0.0 0.0 0.0 0.0 0.0 98.0 98.0 98.0 98.0 
98.0 98.0 98.0 98.0 0.0 0.0 0.0 0.0 0.0 0.0 0.0 98.0 98.0 98.0 98.0 
98.0 44.05 44.05 98.0 0.0 0.0 0.0 0.0 0.0 0.0 0.0 98.0 44.05 44.05 98.0 
98.0 0.0 0.0 98.0 0.0 0.0 0.0 0.0 0.0 0.0 0.0 98.0 0.0 0.0 98.0 
98.0 0.0 0.0 98.0 0.0 0.0 0.0 0.0 0.0 0.0 0.0 98.0 0.0 0.0 98.0 
98.0 0.0 0.0 98.0 98.0 98.0 98.0 98.0 98.0 98.0 98.0 98.0 0.0 0.0 98.0 
98.0 98.0 98.0 98.0 98.0 98.0 98.0 98.0 98.0 98.0 98.0 98.0 98.0 98.0 98.0 
98.0 0.0 0.0 0.0 0.0 0.0 0.0 0.0 0.0 0.0 0.0 0.0 0.0 0.0 98.0 
98.0 0.0 0.0 0.0 0.0 0.0 0.0 0.0 0.0 0.0 0.0 0.0 0.0 0.0 98.0 
98.0 0.0 0.0 0.0 0.0 0.0 0.0 0.0 0.0 0.0 0.0 0.0 0.0 0.0 98.0 
98.0 0.0 0.0 0.0 0.0 0.0 0.0 0.0 0.0 0.0 0.0 0.0 0.0 0.0 98.0 
98.0 0.0 0.0 0.0 0.0 0.0 0.0 0.0 0.0 0.0 0.0 0.0 0.0 0.0 98.0 
98.0 0.0 0.0 0.0 0.0 0.0 0.0 0.0 0.0 0.0 0.0 0.0 0.0 0.0 98.0 
98.0 0.0 0.0 0.0 0.0 0.0 0.0 0.0 0.0 0.0 0.0 0.0 0.0 0.0 98.0 
98.0 98.0 98.0 98.0 98.0 98.0 98.0 98.0 98.0 98.0 98.0 98.0 98.0 98.0 98.0 
98.0 98.0 98.0 98.0 98.0 98.0 98.0 98.0 98.0 98.0 98.0 98.0 98.0 98.0 98.0 
98.0 98.0 98.0 98.0 98.0 98.0 98.0 98.0 98.0 98.0 98.0 98.0 98.0 98.0 98.0 
98.0 98.0 98.0 98.0 0.0 0.0 0.0 0.0 0.0 0.0 0.0 98.0 98.0 98.0 98.0 
98.0 98.0 98.0 98.0 0.0 0.0 0.0 0.0 0.0 0.0 0.0 98.0 98.0 98.0 98.0 
98.0 98.0 98.0 98.0 0.0 0.0 0.0 0.0 0.0 0.0 0.0 98.0 98.0 98.0 98.0 
98.0 98.0 98.0 98.0 0.0 0.0 0.0 0.0 0.0 0.0 0.0 98.0 98.0 98.0 98.0 
98.0 98.0 98.0 98.0 0.0 0.0 0.0 0.0 0.0 0.0 0.0 98.0 98.0 98.0 98.0 
98.0 98.0 98.0 98.0 0.0 0.0 0.0 0.0 0.0 0.0 0.0 98.0 98.0 98.0 98.0 
98.0 0.0 0.0 98.0 0.0 0.0 0.0 0.0 0.0 0.0 0.0 98.0 0.0 0.0 98.0 
98.0 0.0 0.0 98.0 0.0 0.0 0.0 0.0 0.0 0.0 0.0 98.0 0.0 0.0 98.0 
98.0 0.0 0.0 98.0 98.0 98.0 98.0 98.0 98.0 98.0 98.0 98.0 0.0 0.0 98.0 
98.0 98.0 98.0 98.0 98.0 98.0 98.0 98.0 98.0 98.0 98.0 98.0 98.0 98.0 98.0 
98.0 0.0 0.0 0.0 0.0 0.0 0.0 0.0 0.0 0.0 0.0 0.0 0.0 0.0 98.0 
98.0 0.0 0.0 0.0 0.0 0.0 0.0 0.0 0.0 0.0 0.0 0.0 0.0 0.0 98.0 
98.0 0.0 0.0 0.0 0.0 0.0 0.0 0.0 0.0 0.0 0.0 0.0 0.0 0.0 98.0 
98.0 0.0 0.0 0.0 0.0 0.0 0.0 0.0 0.0 0.0 0.0 0.0 0.0 0.0 98.0 
98.0 0.0 0.0 0.0 0.0 0.0 0.0 0.0 0.0 0.0 0.0 0.0 0.0 0.0 98.0 
98.0 0.0 0.0 0.0 0.0 0.0 0.0 0.0 0.0 0.0 0.0 0.0 0.0 0.0 98.0 
98.0 0.0 0.0 0.0 0.0 0.0 0.0 0.0 0.0 0.0 0.0 0.0 0.0 0.0 98.0 
98.0 98.0 98.0 98.0 98.0 98.0 98.0 98.0 98.0 98.0 98.0 98.0 98.0 98.0 98.0 
98.0 98.0 98.0 98.0 98.0 98.0 98.0 98.0 98.0 98.0 98.0 98.0 98.0 98.0 98.0 
98.0 98.0 98.0 98.0 98.0 98.0 98.0 98.0 98.0 98.0 98.0 98.0 98.0 98.0 98.0 
98.0 98.0 98.0 98.0 0.0 0.0 0.0 0.0 0.0 0.0 0.0 98.0 98.0 98.0 98.0 
98.0 98.0 98.0 98.0 0.0 0.0 0.0 0.0 0.0 0.0 0.0 98.0 98.0 98.0 98.0 
98.0 98.0 98.0 98.0 0.0 0.0 0.0 0.0 0.0 0.0 0.0 98.0 98.0 98.0 98.0 
98.0 98.0 98.0 98.0 0.0 0.0 0.0 0.0 0.0 0.0 0.0 98.0 98.0 98.0 98.0 
98.0 98.0 98.0 98.0 0.0 0.0 0.0 0.0 0.0 0.0 0.0 98.0 98.0 98.0 98.0 
98.0 98.0 98.0 98.0 0.0 0.0 0.0 0.0 0.0 0.0 0.0 98.0 98.0 98.0 98.0 
98.0 44.05 44.05 98.0 0.0 0.0 0.0 0.0 0.0 0.0 0.0 98.0 44.05 44.05 98.0 
98.0 0.0 0.0 98.0 0.0 0.0 0.0 0.0 0.0 0.0 0.0 98.0 0.0 0.0 98.0 
98.0 0.0 0.0 98.0 98.0 98.0 98.0 98.0 98.0 98.0 98.0 98.0 0.0 0.0 98.0 
98.0 0.0 0.0 98.0 98.0 98.0 98.0 98.0 98.0 98.0 98.0 98.0 0.0 0.0 98.0 
98.0 0.0 0.0 0.0 0.0 0.0 0.0 0.0 0.0 0.0 0.0 0.0 0.0 0.0 98.0 
98.0 0.0 0.0 0.0 0.0 0.0 0.0 0.0 0.0 0.0 0.0 0.0 0.0 0.0 98.0 
98.0 0.0 0.0 0.0 0.0 0.0 0.0 0.0 0.0 0.0 0.0 0.0 0.0 0.0 98.0 
98.0 0.0 0.0 0.0 0.0 0.0 0.0 0.0 0.0 0.0 0.0 0.0 0.0 0.0 98.0 
98.0 0.0 0.0 0.0 0.0 0.0 0.0 0.0 0.0 0.0 0.0 0.0 0.0 0.0 98.0 
98.0 0.0 0.0 0.0 0.0 0.0 0.0 0.0 0.0 0.0 0.0 0.0 0.0 0.0 98.0 
98.0 0.0 0.0 0.0 0.0 0.0 0.0 0.0 0.0 0.0 0.0 0.0 0.0 0.0 98.0 
98.0 98.0 98.0 98.0 98.0 98.0 98.0 98.0 98.0 98.0 98.0 98.0 98.0 98.0 98.0 
98.0 98.0 98.0 98.0 98.0 98.0 98.0 98.0 98.0 98.0 98.0 98.0 98.0 98.0 98.0 
98.0 98.0 98.0 98.0 98.0 98.0 98.0 98.0 98.0 98.0 98.0 98.0 98.0 98.0 98.0 
98.0 98.0 98.0 98.0 0.0 0.0 0.0 0.0 0.0 0.0 0.0 98.0 98.0 98.0 98.0 
98.0 98.0 98.0 98.0 0.0 0.0 0.0 0.0 0.0 0.0 0.0 98.0 98.0 98.0 98.0 
98.0 98.0 98.0 98.0 0.0 0.0 0.0 0.0 0.0 0.0 0.0 98.0 98.0 98.0 98.0 
98.0 98.0 98.0 98.0 0.0 0.0 0.0 0.0 0.0 0.0 0.0 98.0 98.0 98.0 98.0 
98.0 0.0 98.0 98.0 0.0 0.0 0.0 0.0 0.0 0.0 0.0 98.0 98.0 98.0 98.0 
98.0 98.0 98.0 98.0 0.0 0.0 0.0 0.0 0.0 0.0 0.0 98.0 98.0 98.0 98.0 
98.0 98.0 98.0 98.0 0.0 0.0 0.0 0.0 0.0 0.0 0.0 98.0 98.0 98.0 98.0 
98.0 0.0 0.0 98.0 0.0 0.0 0.0 0.0 0.0 0.0 0.0 98.0 0.0 0.0 98.0 
98.0 0.0 0.0 98.0 98.0 98.0 98.0 98.0 98.0 98.0 98.0 98.0 0.0 0.0 98.0 
98.0 0.0 0.0 98.0 98.0 98.0 98.0 98.0 98.0 98.0 98.0 98.0 0.0 0.0 98.0 
98.0 0.0 0.0 0.0 0.0 0.0 0.0 0.0 0.0 0.0 0.0 0.0 0.0 0.0 98.0 
98.0 0.0 0.0 0.0 0.0 0.0 0.0 0.0 0.0 0.0 0.0 0.0 0.0 0.0 98.0 
98.0 0.0 0.0 0.0 0.0 0.0 0.0 0.0 0.0 0.0 0.0 0.0 0.0 0.0 98.0 
98.0 0.0 0.0 0.0 0.0 0.0 0.0 0.0 0.0 0.0 0.0 0.0 0.0 0.0 98.0 
98.0 0.0 0.0 0.0 0.0 0.0 0.0 0.0 0.0 0.0 0.0 0.0 0.0 0.0 98.0 
98.0 0.0 0.0 0.0 0.0 0.0 0.0 0.0 0.0 0.0 0.0 0.0 0.0 0.0 98.0 
98.0 0.0 0.0 0.0 0.0 0.0 0.0 0.0 0.0 0.0 0.0 0.0 0.0 0.0 98.0 
98.0 98.0 98.0 98.0 98.0 98.0 98.0 98.0 98.0 98.0 98.0 98.0 98.0 98.0 98.0 
98.0 98.0 98.0 98.0 98.0 98.0 98.0 98.0 98.0 98.0 98.0 98.0 98.0 98.0 98.0 
98.0 98.0 98.0 98.0 98.0 98.0 98.0 98.0 98.0 98.0 98.0 98.0 98.0 98.0 98.0 
98.0 98.0 98.0 98.0 0.0 0.0 0.0 0.0 0.0 0.0 0.0 98.0 98.0 98.0 98.0 
98.0 98.0 98.0 98.0 0.0 0.0 0.0 0.0 0.0 0.0 0.0 98.0 98.0 98.0 98.0 
98.0 98.0 98.0 98.0 0.0 0.0 0.0 0.0 0.0 0.0 0.0 98.0 98.0 98.0 98.0 
98.0 98.0 98.0 98.0 0.0 0.0 0.0 0.0 0.0 0.0 0.0 98.0 98.0 98.0 98.0 
98.0 98.0 98.0 98.0 0.0 0.0 0.0 0.0 0.0 0.0 0.0 98.0 98.0 98.0 98.0 
98.0 98.0 98.0 98.0 0.0 0.0 0.0 0.0 0.0 0.0 0.0 98.0 98.0 98.0 98.0 
98.0 98.0 98.0 98.0 0.0 0.0 0.0 0.0 0.0 0.0 0.0 98.0 98.0 98.0 98.0 
98.0 44.05 44.05 98.0 0.0 0.0 0.0 0.0 0.0 0.0 0.0 98.0 44.05 44.05 98.0 
98.0 0.0 0.0 0.0 44.05 98.0 98.0 98.0 98.0 98.0 44.05 0.0 0.0 0.0 98.0 
98.0 0.0 0.0 0.0 0.0 0.0 44.05 98.0 44.05 0.0 0.0 0.0 0.0 0.0 98.0 
98.0 0.0 0.0 0.0 0.0 0.0 0.0 0.0 0.0 0.0 0.0 0.0 0.0 0.0 98.0 
98.0 0.0 0.0 0.0 0.0 0.0 0.0 0.0 0.0 0.0 0.0 0.0 0.0 0.0 98.0 
98.0 0.0 0.0 0.0 0.0 0.0 0.0 0.0 0.0 0.0 0.0 0.0 0.0 0.0 98.0 
98.0 0.0 0.0 0.0 0.0 0.0 0.0 0.0 0.0 0.0 0.0 0.0 0.0 0.0 98.0 
98.0 0.0 0.0 0.0 0.0 0.0 0.0 0.0 0.0 0.0 0.0 0.0 0.0 0.0 98.0 
98.0 0.0 0.0 0.0 0.0 0.0 0.0 0.0 0.0 0.0 0.0 0.0 0.0 0.0 98.0 
98.0 0.0 0.0 0.0 0.0 0.0 0.0 0.0 0.0 0.0 0.0 0.0 0.0 0.0 98.0 
98.0 98.0 98.0 98.0 98.0 98.0 98.0 98.0 98.0 98.0 98.0 98.0 98.0 98.0 98.0 
98.0 98.0 98.0 98.0 98.0 98.0 98.0 98.0 98.0 98.0 98.0 98.0 98.0 98.0 98.0 
98.0 98.0 98.0 98.0 98.0 98.0 98.0 98.0 98.0 98.0 98.0 98.0 98.0 98.0 98.0 
98.0 98.0 98.0 98.0 0.0 0.0 0.0 0.0 0.0 0.0 0.0 98.0 98.0 98.0 98.0 
98.0 98.0 98.0 98.0 0.0 0.0 0.0 0.0 0.0 0.0 0.0 98.0 98.0 98.0 98.0 
98.0 98.0 98.0 98.0 0.0 0.0 0.0 0.0 0.0 0.0 0.0 98.0 98.0 98.0 98.0 
98.0 98.0 98.0 98.0 0.0 0.0 0.0 0.0 0.0 0.0 0.0 98.0 98.0 98.0 98.0 
98.0 98.0 98.0 98.0 0.0 0.0 0.0 0.0 0.0 0.0 0.0 98.0 98.0 98.0 98.0 
98.0 98.0 98.0 98.0 0.0 0.0 0.0 0.0 0.0 0.0 0.0 98.0 98.0 98.0 98.0 
98.0 98.0 98.0 98.0 0.0 0.0 0.0 0.0 0.0 0.0 0.0 98.0 98.0 98.0 98.0 
98.0 44.05 44.05 98.0 0.0 0.0 0.0 0.0 0.0 0.0 0.0 98.0 44.05 44.05 98.0 
98.0 0.0 0.0 0.0 44.05 98.0 98.0 98.0 98.0 98.0 44.05 0.0 0.0 0.0 98.0 
98.0 0.0 0.0 0.0 0.0 0.0 44.05 98.0 44.05 0.0 0.0 0.0 0.0 0.0 98.0 
98.0 0.0 0.0 0.0 0.0 0.0 0.0 0.0 0.0 0.0 0.0 0.0 0.0 0.0 98.0 
98.0 0.0 0.0 0.0 0.0 0.0 0.0 0.0 0.0 0.0 0.0 0.0 0.0 0.0 98.0 
98.0 0.0 0.0 0.0 0.0 0.0 0.0 0.0 0.0 0.0 0.0 0.0 0.0 0.0 98.0 
98.0 0.0 0.0 0.0 0.0 0.0 0.0 0.0 0.0 0.0 0.0 0.0 0.0 0.0 98.0 
98.0 0.0 0.0 0.0 0.0 0.0 0.0 0.0 0.0 0.0 0.0 0.0 0.0 0.0 98.0 
98.0 0.0 0.0 0.0 0.0 0.0 0.0 0.0 0.0 0.0 0.0 0.0 0.0 0.0 98.0 
98.0 0.0 0.0 0.0 0.0 0.0 0.0 0.0 0.0 0.0 0.0 0.0 0.0 0.0 98.0 
98.0 98.0 98.0 98.0 98.0 98.0 98.0 98.0 98.0 98.0 98.0 98.0 98.0 98.0 98.0 
98.0 98.0 98.0 98.0 98.0 98.0 98.0 98.0 98.0 98.0 98.0 98.0 98.0 98.0 98.0 
98.0 98.0 98.0 98.0 98.0 98.0 98.0 98.0 98.0 98.0 98.0 98.0 98.0 98.0 98.0 
98.0 98.0 98.0 98.0 98.0 98.0 98.0 0.0 98.0 98.0 98.0 98.0 98.0 98.0 98.0 
98.0 98.0 98.0 98.0 98.0 98.0 98.0 0.0 98.0 98.0 98.0 98.0 98.0 98.0 98.0 
98.0 98.0 98.0 98.0 98.0 98.0 98.0 0.0 98.0 98.0 98.0 98.0 98.0 98.0 98.0 
98.0 98.0 98.0 98.0 98.0 98.0 98.0 98.0 98.0 98.0 98.0 98.0 98.0 98.0 98.0 
98.0 98.0 98.0 98.0 98.0 98.0 98.0 98.0 98.0 98.0 98.0 98.0 98.0 98.0 98.0 
98.0 98.0 98.0 98.0 98.0 98.0 98.0 98.0 98.0 98.0 98.0 98.0 98.0 98.0 98.0 
98.0 98.0 98.0 98.0 98.0 98.0 98.0 98.0 98.0 98.0 98.0 98.0 98.0 98.0 98.0 
98.0 98.0 98.0 98.0 98.0 98.0 98.0 98.0 98.0 98.0 98.0 98.0 98.0 98.0 98.0 
98.0 98.0 98.0 98.0 98.0 98.0 98.0 98.0 98.0 98.0 98.0 98.0 98.0 98.0 98.0 
98.0 98.0 98.0 98.0 98.0 98.0 98.0 98.0 98.0 98.0 98.0 98.0 98.0 98.0 98.0 
98.0 98.0 98.0 98.0 98.0 98.0 98.0 0.0 98.0 98.0 98.0 98.0 98.0 98.0 98.0 
98.0 98.0 98.0 98.0 98.0 98.0 98.0 0.0 98.0 98.0 98.0 98.0 98.0 98.0 98.0 
98.0 98.0 98.0 98.0 98.0 98.0 98.0 0.0 98.0 98.0 98.0 98.0 98.0 98.0 98.0 
98.0 98.0 98.0 98.0 98.0 98.0 98.0 98.0 98.0 98.0 98.0 98.0 98.0 98.0 98.0 
98.0 98.0 98.0 98.0 98.0 98.0 98.0 98.0 98.0 98.0 98.0 98.0 98.0 98.0 98.0 
98.0 98.0 98.0 98.0 98.0 98.0 98.0 98.0 98.0 98.0 98.0 98.0 98.0 98.0 98.0 
98.0 98.0 98.0 98.0 98.0 98.0 98.0 98.0 98.0 98.0 98.0 98.0 98.0 98.0 98.0 
98.0 98.0 98.0 98.0 98.0 98.0 98.0 98.0 98.0 98.0 98.0 98.0 98.0 98.0 98.0 
