#Exporter v1.0
15 
20
15
-1.0 -1.0 -1.0 -1.0 -1.0 -1.0 -1.0 -1.0 -1.0 -1.0 -1.0 -1.0 -1.0 -1.0 -1.0 
-1.0 -1.0 -1.0 0.0 0.0 3.0 2.0 2.0 0.0 0.0 0.0 0.0 -1.0 -1.0 -1.0 
-1.0 -1.0 0.0 0.0 0.0 2.0 0.0 0.0 0.0 0.0 0.0 0.0 0.0 -1.0 -1.0 
-1.0 0.0 0.0 2.0 2.0 0.0 0.0 0.0 0.0 0.0 0.0 0.0 0.0 0.0 -1.0 
-1.0 0.0 0.0 0.0 0.0 0.0 -1.0 -1.0 0.0 0.0 0.0 0.0 0.0 0.0 -1.0 
-1.0 0.0 0.0 0.0 0.0 -1.0 -1.0 -1.0 -1.0 0.0 0.0 0.0 0.0 0.0 -1.0 
-1.0 0.0 0.0 0.0 0.0 -1.0 -1.0 -1.0 -1.0 0.0 0.0 0.0 0.0 0.0 -1.0 
-1.0 0.0 0.0 0.0 0.0 0.0 -1.0 -1.0 -1.0 -1.0 0.0 0.0 0.0 0.0 -1.0 
-1.0 0.0 0.0 0.0 0.0 0.0 0.0 0.0 -1.0 -1.0 -1.0 0.0 0.0 0.0 -1.0 
-1.0 0.0 0.0 0.0 0.0 0.0 0.0 -1.0 -1.0 -1.0 -1.0 -1.0 0.0 0.0 -1.0 
-1.0 0.0 0.0 0.0 0.0 0.0 0.0 0.0 -1.0 -1.0 -1.0 -1.0 -1.0 0.0 -1.0 
-1.0 0.0 0.0 0.0 0.0 0.0 0.0 0.0 0.0 0.0 -1.0 -1.0 0.0 0.0 -1.0 
-1.0 -1.0 0.0 0.0 0.0 0.0 0.0 0.0 0.0 0.0 0.0 0.0 0.0 0.0 -1.0 
-1.0 -1.0 0.0 0.0 0.0 0.0 0.0 0.0 0.0 0.0 0.0 0.0 0.0 0.0 -1.0 
-1.0 -1.0 -1.0 0.0 -1.0 -1.0 0.0 0.0 0.0 0.0 0.0 0.0 0.0 0.0 -1.0 
-1.0 -1.0 0.0 -1.0 -1.0 -1.0 -1.0 -1.0 -1.0 0.0 0.0 0.0 0.0 0.0 -1.0 
-1.0 -1.0 0.0 0.0 -1.0 -1.0 -1.0 -1.0 -1.0 -1.0 0.0 0.0 0.0 -1.0 -1.0 
-1.0 -1.0 -1.0 0.0 0.0 -1.0 -1.0 -1.0 -1.0 0.0 0.0 0.0 -1.0 -1.0 -1.0 
-1.0 -1.0 -1.0 -1.0 0.0 0.0 -1.0 -1.0 0.0 0.0 0.0 -1.0 -1.0 -1.0 -1.0 
-1.0 -1.0 -1.0 -1.0 -1.0 0.0 0.0 0.0 0.0 0.0 -1.0 -1.0 -1.0 -1.0 -1.0 
-1.0 -1.0 -1.0 -1.0 1.0 1.0 1.0 1.0 1.0 1.0 1.0 1.0 -1.0 -1.0 -1.0 
-1.0 -1.0 -1.0 1.0 3.0 3.0 2.0 2.0 2.0 2.0 3.0 2.0 1.0 -1.0 -1.0 
-1.0 -1.0 1.0 3.0 3.0 2.0 0.0 0.0 0.0 0.0 2.0 0.0 2.0 2.0 -1.0 
-1.0 1.0 2.0 2.0 2.0 0.0 0.0 0.0 0.0 0.0 0.0 0.0 31.02 0.0 0.0 
1.0 2.0 0.0 0.0 0.0 0.0 0.0 0.0 0.0 0.0 0.0 0.0 0.0 0.0 0.0 
2.0 0.0 0.0 0.0 0.0 0.0 -1.0 -1.0 0.0 0.0 0.0 0.0 0.0 0.0 0.0 
0.0 0.0 0.0 0.0 0.0 0.0 -1.0 -1.0 0.0 0.0 0.0 0.0 0.0 0.0 -1.0 
0.0 0.0 0.0 0.0 0.0 0.0 -1.0 0.0 0.0 0.0 0.0 0.0 0.0 0.0 0.0 
0.0 0.0 0.0 0.0 0.0 0.0 0.0 99.01 99.04 99.04 99.04 99.07 0.0 0.0 0.0 
0.0 0.0 0.0 0.0 0.0 0.0 0.0 0.0 2.0 0.0 0.0 0.0 0.0 0.0 0.0 
0.0 0.0 0.0 0.0 0.0 0.0 0.0 0.0 0.0 2.0 -1.0 -1.0 0.0 0.0 0.0 
-1.0 0.0 0.0 0.0 0.0 0.0 0.0 0.0 0.0 0.0 0.0 0.0 0.0 0.0 0.0 
-1.0 0.0 0.0 -1.0 0.0 0.0 0.0 0.0 0.0 0.0 0.0 0.0 0.0 0.0 0.0 
-1.0 -1.0 -1.0 0.0 0.0 0.0 0.0 0.0 0.0 0.0 0.0 0.0 0.0 0.0 0.0 
-1.0 0.0 0.0 0.0 0.0 0.0 0.0 0.0 0.0 0.0 0.0 0.0 0.0 0.0 0.0 
0.0 0.0 0.0 0.0 0.0 0.0 0.0 0.0 0.0 0.0 0.0 0.0 0.0 0.0 0.0 
-1.0 0.0 0.0 0.0 0.0 -1.0 0.0 0.0 0.0 0.0 0.0 0.0 0.0 0.0 0.0 
-1.0 0.0 0.0 0.0 0.0 -1.0 -1.0 0.0 0.0 0.0 0.0 0.0 0.0 -1.0 -1.0 
-1.0 -1.0 0.0 0.0 0.0 -1.0 0.0 0.0 0.0 0.0 0.0 0.0 -1.0 -1.0 -1.0 
-1.0 -1.0 -1.0 -1.0 0.0 0.0 0.0 0.0 0.0 0.0 0.0 -1.0 -1.0 -1.0 -1.0 
-1.0 -1.0 -1.0 1.0 3.0 1.0 1.0 1.0 1.0 -1.0 1.0 1.0 -1.0 -1.0 -1.0 
-1.0 -1.0 1.0 3.0 3.0 3.0 2.0 2.0 2.0 1.0 3.0 3.0 1.0 1.0 -1.0 
-1.0 1.0 3.0 301.02 3.0 3.0 0.0 53.03 0.0 2.0 3.0 3.0 2.0 2.0 0.0 
0.0 2.0 2.0 30.0 3.0 5.0 53.03 0.0 0.0 0.0 2.0 2.0 0.0 0.0 0.0 
2.0 91.0 31.02 5.0 5.0 53.03 0.0 0.0 0.0 0.0 0.0 0.0 0.0 0.0 0.0 
0.0 0.0 0.0 0.0 0.0 0.0 0.0 0.0 0.0 0.0 0.0 0.0 0.0 0.0 -1.0 
0.0 0.0 0.0 0.0 0.0 0.0 -1.0 0.0 0.0 0.0 0.0 0.0 0.0 0.0 -1.0 
0.0 0.0 0.0 0.0 0.0 0.0 0.0 0.0 0.0 0.0 0.0 0.0 0.0 0.0 -1.0 
0.0 0.0 0.0 0.0 0.0 0.0 99.01 99.05 99.05 99.05 99.05 99.05 99.07 0.0 0.0 
0.0 0.0 0.0 0.0 0.0 0.0 0.0 0.0 0.0 0.0 0.0 0.0 0.0 0.0 0.0 
0.0 0.0 0.0 0.0 0.0 0.0 0.0 0.0 0.0 0.0 0.0 0.0 0.0 0.0 0.0 
0.0 0.0 0.0 0.0 0.0 0.0 0.0 0.0 100.01 99.0 100.07 0.0 0.0 0.0 0.0 
0.0 -1.0 -1.0 -1.0 -1.0 0.0 0.0 0.0 100.01 0.0 100.07 0.0 0.0 0.0 0.0 
-1.0 -1.0 -1.0 0.0 0.0 0.0 0.0 0.0 100.01 0.0 100.07 0.0 0.0 0.0 0.0 
0.0 0.0 0.0 0.0 0.0 0.0 0.0 0.0 5.0 5.0 5.0 0.0 0.0 0.0 0.0 
0.0 0.0 0.0 0.0 0.0 0.0 0.0 0.0 0.0 0.0 0.0 0.0 0.0 0.0 0.0 
0.0 0.0 0.0 0.0 -1.0 -1.0 -1.0 0.0 0.0 0.0 0.0 0.0 0.0 0.0 0.0 
0.0 0.0 0.0 0.0 -1.0 -1.0 0.0 0.0 0.0 0.0 0.0 0.0 0.0 0.0 0.0 
-1.0 0.0 0.0 0.0 0.0 0.0 0.0 0.0 0.0 0.0 0.0 0.0 0.0 0.0 -1.0 
-1.0 -1.0 0.0 -1.0 -1.0 0.0 0.0 -1.0 -1.0 0.0 0.0 0.0 -1.0 -1.0 -1.0 
-1.0 -1.0 1.0 1.0 1.0 1.0 1.0 -1.0 -1.0 -1.0 1.0 1.0 1.0 -1.0 -1.0 
-1.0 1.0 3.0 2.0 3.0 3.0 2.0 1.0 2.0 -1.0 1.0 57.0 3.0 1.0 2.0 
0.0 3.0 2.0 0.0 1.0 3.0 0.0 53.03 0.0 1.0 1.0 1.0 3.0 2.0 0.0 
0.0 2.0 0.0 0.0 1.0 5.0 53.03 0.0 0.0 2.0 1.0 1.0 2.0 0.0 0.0 
0.0 0.0 5.0 5.0 5.0 53.03 0.0 0.0 0.0 0.0 2.0 2.0 0.0 0.0 0.0 
0.0 0.0 0.0 0.0 0.0 0.0 0.0 0.0 0.0 0.0 0.0 31.02 0.0 0.0 0.0 
0.0 0.0 0.0 0.0 0.0 0.0 0.0 0.0 0.0 0.0 0.0 0.0 0.0 -1.0 -1.0 
0.0 0.0 0.0 0.0 0.0 0.0 0.0 0.0 0.0 0.0 0.0 0.0 0.0 0.0 0.0 
0.0 0.0 0.0 0.0 0.0 0.0 99.02 99.05 99.05 99.05 99.05 99.05 99.08 0.0 0.0 
0.0 0.0 0.0 0.0 0.0 0.0 0.0 0.0 0.0 0.0 0.0 0.0 0.0 0.0 0.0 
0.0 0.0 0.0 0.0 0.0 0.0 0.0 0.0 0.0 0.0 0.0 0.0 0.0 0.0 0.0 
0.0 0.0 0.0 0.0 0.0 5.0 0.0 100.01 99.0 99.0 99.0 100.07 0.0 0.0 0.0 
0.0 -1.0 -1.0 -1.0 -1.0 0.0 53.02 100.01 0.0 0.0 0.0 100.07 0.0 0.0 0.0 
0.0 -1.0 -1.0 -1.0 0.0 0.0 0.0 100.01 0.0 0.0 0.0 100.07 0.0 0.0 0.0 
0.0 0.0 0.0 0.0 0.0 0.0 0.0 0.0 100.01 100.04 100.07 0.0 0.0 0.0 0.0 
0.0 0.0 0.0 0.0 0.0 0.0 0.0 0.0 0.0 300.01 0.0 0.0 0.0 0.0 0.0 
0.0 0.0 0.0 0.0 -1.0 0.0 0.0 0.0 0.0 0.0 0.0 0.0 0.0 0.0 0.0 
0.0 0.0 0.0 0.0 0.0 0.0 0.0 0.0 0.0 0.0 0.0 0.0 0.0 0.0 0.0 
0.0 0.0 0.0 0.0 0.0 0.0 0.0 0.0 0.0 0.0 0.0 0.0 0.0 0.0 0.0 
-1.0 0.0 0.0 -1.0 -1.0 0.0 -1.0 -1.0 -1.0 0.0 0.0 0.0 0.0 0.0 -1.0 
-1.0 1.0 1.0 1.0 1.0 1.0 -1.0 1.0 -1.0 -1.0 1.0 1.0 1.0 1.0 -1.0 
2.0 3.0 3.0 2.0 2.0 3.0 1.0 2.0 2.0 1.0 1.0 1.0 3.0 2.0 0.0 
0.0 2.0 3.0 0.0 0.0 3.0 2.0 0.0 0.0 3.0 1.0 1.0 3.0 0.0 0.0 
0.0 0.0 3.0 30.0 0.0 2.0 0.0 0.0 0.0 3.0 2.0 1.0 2.0 0.0 0.0 
0.0 0.0 5.0 5.0 0.0 0.0 0.0 0.0 0.0 99.1 0.0 2.0 0.0 0.0 0.0 
0.0 0.0 53.0 53.0 0.0 0.0 0.0 0.0 0.0 99.1 0.0 0.0 0.0 0.0 -1.0 
0.0 0.0 0.0 0.0 0.0 0.0 0.0 0.0 0.0 99.1 0.0 0.0 0.0 0.0 -1.0 
0.0 0.0 0.0 0.0 0.0 0.0 0.0 0.0 0.0 99.1 0.0 0.0 0.0 0.0 -1.0 
0.0 0.0 0.0 0.0 0.0 0.0 99.02 99.05 99.05 3.0 99.05 99.05 99.08 0.0 0.0 
0.0 0.0 0.0 0.0 0.0 0.0 0.0 0.0 0.0 100.1 0.0 0.0 0.0 0.0 0.0 
0.0 0.0 0.0 0.0 5.0 0.0 0.0 0.0 0.0 100.1 0.0 0.0 0.0 0.0 0.0 
0.0 0.0 0.0 0.0 0.0 5.0 0.0 100.02 99.0 100.1 99.0 100.08 0.0 0.0 0.0 
0.0 -1.0 -1.0 -1.0 0.0 0.0 53.02 100.02 0.0 100.1 0.0 100.08 0.0 0.0 -1.0 
0.0 0.0 0.0 0.0 0.0 0.0 0.0 100.02 0.0 100.1 0.0 100.08 0.0 0.0 -1.0 
0.0 0.0 0.0 0.0 0.0 0.0 0.0 0.0 100.02 100.05 100.08 0.0 0.0 0.0 -1.0 
0.0 0.0 0.0 0.0 0.0 0.0 0.0 0.0 0.0 0.0 0.0 0.0 0.0 0.0 0.0 
0.0 0.0 0.0 0.0 0.0 0.0 0.0 0.0 0.0 0.0 0.0 0.0 0.0 0.0 0.0 
0.0 0.0 0.0 0.0 0.0 0.0 0.0 0.0 0.0 0.0 0.0 0.0 0.0 0.0 0.0 
0.0 0.0 0.0 0.0 0.0 0.0 0.0 0.0 0.0 0.0 0.0 0.0 0.0 0.0 0.0 
0.0 0.0 0.0 0.0 -1.0 -1.0 -1.0 -1.0 0.0 0.0 0.0 0.0 0.0 0.0 -1.0 
-1.0 1.0 1.0 -1.0 1.0 1.0 1.0 1.0 -1.0 1.0 -1.0 1.0 1.0 1.0 -1.0 
2.0 2.0 3.0 1.0 3.0 3.0 3.0 2.0 2.0 2.0 1.0 3.0 3.0 2.0 0.0 
0.0 0.0 2.0 3.0 3.0 2.0 2.0 0.0 0.0 0.0 2.0 3.0 2.0 31.01 0.0 
0.0 0.0 91.03 2.0 2.0 0.0 0.0 0.0 0.0 0.0 0.0 2.0 0.0 0.0 0.0 
0.0 0.0 0.0 0.0 0.0 0.0 0.0 0.0 0.0 0.0 0.0 31.02 0.0 0.0 0.0 
0.0 5.0 5.0 5.0 0.0 0.0 0.0 0.0 0.0 0.0 0.0 0.0 0.0 0.0 0.0 
0.0 0.0 0.0 0.0 0.0 0.0 0.0 0.0 0.0 0.0 0.0 0.0 0.0 0.0 -1.0 
0.0 0.0 0.0 0.0 0.0 0.0 0.0 0.0 0.0 0.0 0.0 0.0 0.0 0.0 -1.0 
0.0 0.0 0.0 0.0 0.0 0.0 99.02 99.05 99.05 99.05 99.05 99.05 99.08 0.0 -1.0 
0.0 0.0 0.0 0.0 0.0 0.0 0.0 0.0 0.0 0.0 0.0 0.0 0.0 0.0 0.0 
0.0 0.0 0.0 0.0 5.0 5.0 30.0 0.0 0.0 0.0 0.0 0.0 0.0 0.0 0.0 
0.0 0.0 0.0 0.0 0.0 53.01 53.01 100.03 99.0 99.0 99.0 100.09 0.0 0.0 -1.0 
0.0 0.0 0.0 0.0 0.0 0.0 0.0 100.03 0.0 301.03 0.0 100.09 0.0 -1.0 -1.0 
0.0 0.0 0.0 0.0 0.0 0.0 0.0 100.03 30.0 0.0 0.0 100.09 0.0 0.0 -1.0 
0.0 0.0 0.0 0.0 0.0 0.0 0.0 0.0 100.03 100.06 100.09 0.0 0.0 0.0 -1.0 
0.0 0.0 0.0 0.0 0.0 0.0 0.0 0.0 0.0 53.0 53.0 0.0 0.0 0.0 -1.0 
0.0 0.0 0.0 0.0 0.0 0.0 0.0 0.0 0.0 0.0 0.0 0.0 0.0 0.0 0.0 
0.0 0.0 0.0 0.0 0.0 0.0 0.0 0.0 0.0 0.0 0.0 0.0 0.0 0.0 0.0 
0.0 0.0 0.0 0.0 0.0 0.0 0.0 0.0 0.0 0.0 0.0 0.0 0.0 0.0 -1.0 
0.0 0.0 0.0 -1.0 0.0 -1.0 0.0 0.0 0.0 0.0 0.0 0.0 0.0 0.0 -1.0 
-1.0 97.0 1.0 1.0 -1.0 1.0 1.0 1.0 1.0 -1.0 1.0 1.0 97.0 97.0 -1.0 
0.0 2.0 3.0 3.0 1.0 2.0 2.0 2.0 2.0 2.0 2.0 2.0 2.0 2.0 0.0 
0.0 31.02 2.0 2.0 2.0 0.0 0.0 31.02 0.0 0.0 91.03 0.0 0.0 0.0 0.0 
0.0 0.0 38.0 0.0 0.0 0.0 0.0 0.0 0.0 0.0 0.0 0.0 0.0 0.0 0.0 
0.0 0.0 0.0 0.0 0.0 0.0 0.0 0.0 0.0 0.0 0.0 0.0 0.0 0.0 0.0 
0.0 5.0 5.0 0.0 0.0 0.0 0.0 0.0 0.0 0.0 0.0 0.0 0.0 0.0 0.0 
0.0 53.0 53.0 0.0 0.0 0.0 0.0 0.0 0.0 0.0 0.0 0.0 0.0 0.0 0.0 
0.0 0.0 0.0 0.0 0.0 0.0 0.0 0.0 0.0 0.0 0.0 0.0 0.0 0.0 -1.0 
0.0 0.0 0.0 0.0 0.0 0.0 99.03 99.05 99.05 99.05 99.05 99.05 99.09 0.0 0.0 
0.0 0.0 0.0 0.0 5.0 5.0 5.0 91.0 0.0 0.0 0.0 0.0 0.0 0.0 0.0 
0.0 0.0 0.0 0.0 0.0 53.01 53.01 0.0 0.0 0.0 0.0 0.0 0.0 0.0 0.0 
0.0 0.0 0.0 0.0 0.0 0.0 0.0 0.0 100.03 100.06 100.09 0.0 0.0 -1.0 -1.0 
0.0 0.0 0.0 0.0 0.0 0.0 0.0 0.0 100.03 100.06 100.09 0.0 -1.0 -1.0 -1.0 
0.0 0.0 0.0 0.0 0.0 0.0 0.0 0.0 100.03 100.06 100.09 0.0 0.0 -1.0 -1.0 
0.0 0.0 0.0 0.0 0.0 0.0 0.0 0.0 91.02 0.0 0.0 0.0 0.0 -1.0 -1.0 
0.0 0.0 0.0 0.0 0.0 0.0 0.0 0.0 0.0 0.0 0.0 0.0 0.0 -1.0 -1.0 
0.0 -1.0 -1.0 0.0 0.0 0.0 0.0 0.0 0.0 53.0 53.0 0.0 0.0 0.0 -1.0 
0.0 -1.0 -1.0 0.0 0.0 0.0 0.0 0.0 0.0 0.0 0.0 0.0 0.0 0.0 0.0 
0.0 0.0 0.0 0.0 0.0 0.0 0.0 0.0 0.0 0.0 0.0 0.0 0.0 0.0 0.0 
0.0 0.0 0.0 0.0 0.0 0.0 0.0 0.0 0.0 0.0 0.0 0.0 0.0 -1.0 -1.0 
-1.0 0.0 1.0 -1.0 -1.0 -1.0 -1.0 1.0 1.0 -1.0 1.0 1.0 97.0 97.0 -1.0 
0.0 0.0 2.0 1.0 1.0 1.0 1.0 2.0 2.0 2.0 2.0 2.0 2.0 0.0 0.0 
0.0 0.0 37.0 2.0 2.0 2.0 2.0 0.0 38.0 0.0 0.0 0.0 38.0 0.0 0.0 
0.0 0.0 0.0 0.0 38.0 0.0 0.0 0.0 0.0 0.0 0.0 0.0 0.0 0.0 0.0 
0.0 0.0 0.0 0.0 0.0 0.0 0.0 0.0 0.0 0.0 0.0 0.0 0.0 0.0 -1.0 
0.0 0.0 0.0 100.01 100.04 100.07 0.0 0.0 0.0 0.0 0.0 0.0 0.0 0.0 -1.0 
0.0 5.0 5.0 100.01 100.04 100.07 0.0 0.0 0.0 0.0 0.0 0.0 0.0 0.0 -1.0 
0.0 53.0 53.0 100.01 100.04 100.07 0.0 0.0 0.0 0.0 0.0 0.0 0.0 0.0 -1.0 
0.0 0.0 0.0 0.0 5.0 5.0 5.0 99.03 99.06 99.06 99.06 99.09 0.0 0.0 -1.0 
0.0 0.0 0.0 0.0 53.01 53.01 53.01 0.0 0.0 0.0 0.0 0.0 0.0 0.0 0.0 
0.0 0.0 0.0 0.0 0.0 0.0 0.0 0.0 0.0 0.0 0.0 0.0 0.0 0.0 0.0 
0.0 0.0 0.0 0.0 0.0 0.0 0.0 0.0 0.0 0.0 0.0 0.0 0.0 0.0 0.0 
0.0 0.0 0.0 0.0 0.0 0.0 0.0 0.0 0.0 0.0 0.0 0.0 0.0 -1.0 -1.0 
0.0 0.0 0.0 0.0 0.0 0.0 0.0 0.0 0.0 0.0 0.0 0.0 -1.0 -1.0 -1.0 
0.0 0.0 0.0 0.0 0.0 0.0 0.0 0.0 0.0 0.0 0.0 -1.0 -1.0 -1.0 -1.0 
0.0 0.0 0.0 0.0 0.0 0.0 0.0 0.0 0.0 0.0 0.0 0.0 -1.0 -1.0 -1.0 
0.0 0.0 -1.0 0.0 0.0 0.0 0.0 0.0 0.0 0.0 0.0 0.0 0.0 -1.0 -1.0 
-1.0 -1.0 -1.0 -1.0 0.0 0.0 0.0 99.01 99.04 99.04 99.04 99.07 0.0 0.0 -1.0 
-1.0 -1.0 -1.0 0.0 0.0 0.0 0.0 0.0 0.0 0.0 0.0 0.0 0.0 0.0 0.0 
-1.0 0.0 0.0 0.0 0.0 0.0 0.0 0.0 0.0 0.0 0.0 0.0 0.0 0.0 0.0 
-1.0 0.0 97.0 -1.0 -1.0 -1.0 1.0 1.0 1.0 1.0 1.0 1.0 1.0 97.0 -1.0 
0.0 0.0 2.0 1.0 1.0 1.0 2.0 2.0 2.0 3.0 2.0 2.0 2.0 2.0 0.0 
0.0 0.0 0.0 2.0 2.0 2.0 0.0 0.0 31.02 302.0 0.0 0.0 31.02 31.01 0.0 
0.0 0.0 0.0 0.0 0.0 0.0 0.0 0.0 0.0 0.0 0.0 0.0 0.0 0.0 0.0 
0.0 0.0 0.0 0.0 0.0 0.0 0.0 0.0 0.0 0.0 0.0 0.0 0.0 0.0 0.0 
0.0 0.0 100.01 0.0 0.0 0.0 100.07 0.0 0.0 0.0 0.0 0.0 0.0 0.0 -1.0 
0.0 0.0 100.01 0.0 0.0 0.0 100.07 0.0 0.0 0.0 0.0 0.0 0.0 -1.0 -1.0 
0.0 5.0 100.01 35.1 35.13 41.0 100.07 0.0 0.0 0.0 0.0 0.0 0.0 -1.0 -1.0 
0.0 0.0 0.0 100.01 100.04 100.07 5.0 0.0 0.0 0.0 0.0 0.0 0.0 0.0 -1.0 
0.0 0.0 0.0 0.0 0.0 0.0 0.0 0.0 0.0 0.0 0.0 0.0 0.0 0.0 -1.0 
0.0 0.0 0.0 0.0 0.0 0.0 0.0 0.0 0.0 0.0 0.0 1.0 1.0 0.0 0.0 
0.0 0.0 0.0 0.0 0.0 0.0 0.0 0.0 0.0 0.0 2.0 2.0 2.0 0.0 0.0 
0.0 0.0 0.0 0.0 0.0 0.0 0.0 0.0 0.0 0.0 0.0 0.0 0.0 0.0 -1.0 
0.0 0.0 0.0 0.0 0.0 0.0 0.0 0.0 0.0 0.0 0.0 0.0 0.0 -1.0 -1.0 
0.0 0.0 0.0 0.0 0.0 0.0 0.0 0.0 0.0 0.0 0.0 0.0 -1.0 -1.0 -1.0 
0.0 0.0 0.0 0.0 0.0 0.0 0.0 0.0 0.0 0.0 0.0 0.0 -1.0 -1.0 -1.0 
0.0 0.0 -1.0 0.0 0.0 0.0 0.0 0.0 0.0 0.0 0.0 0.0 0.0 -1.0 -1.0 
-1.0 -1.0 0.0 -1.0 0.0 0.0 99.01 99.05 99.05 99.05 99.05 99.05 99.07 0.0 -1.0 
-1.0 0.0 0.0 0.0 0.0 0.0 0.0 0.0 0.0 0.0 0.0 0.0 0.0 0.0 0.0 
-1.0 -1.0 0.0 0.0 0.0 0.0 0.0 0.0 0.0 0.0 0.0 0.0 0.0 0.0 0.0 
-1.0 0.0 97.0 97.0 -1.0 -1.0 -1.0 1.0 1.0 1.0 1.0 1.0 1.0 -1.0 -1.0 
0.0 0.0 2.0 2.0 1.0 1.0 1.0 2.0 2.0 2.0 2.0 2.0 2.0 1.0 97.0 
0.0 0.0 0.0 0.0 3.0 2.0 2.0 0.0 0.0 31.01 37.0 31.01 0.0 2.0 2.0 
0.0 0.0 0.0 0.0 100.1 0.0 0.0 0.0 0.0 0.0 0.0 0.0 0.0 0.0 0.0 
0.0 0.0 0.0 0.0 100.1 0.0 0.0 0.0 0.0 0.0 0.0 0.0 0.0 0.0 0.0 
0.0 0.0 100.02 0.0 100.1 0.0 100.08 0.0 0.0 0.0 0.0 0.0 0.0 0.0 0.0 
0.0 0.0 100.02 0.0 100.1 0.0 100.08 0.0 0.0 0.0 0.0 0.0 0.0 -1.0 -1.0 
0.0 0.0 100.02 22.0 100.1 57.0 100.08 0.0 0.0 0.0 0.0 0.0 -1.0 -1.0 -1.0 
0.0 0.0 0.0 100.02 100.05 100.08 0.0 0.0 0.0 0.0 0.0 0.0 0.0 -1.0 -1.0 
0.0 0.0 0.0 0.0 300.0 0.0 0.0 0.0 0.0 0.0 0.0 0.0 0.0 0.0 -1.0 
0.0 0.0 0.0 0.0 0.0 0.0 0.0 0.0 0.0 1.0 1.0 97.0 1.0 0.0 0.0 
0.0 0.0 0.0 0.0 0.0 0.0 0.0 0.0 0.0 2.0 2.0 2.0 2.0 2.0 0.0 
0.0 0.0 0.0 0.0 0.0 0.0 0.0 0.0 0.0 0.0 38.0 0.0 0.0 0.0 0.0 
0.0 0.0 0.0 0.0 0.0 0.0 0.0 0.0 0.0 0.0 0.0 0.0 0.0 0.0 -1.0 
0.0 0.0 0.0 0.0 0.0 0.0 0.0 0.0 0.0 0.0 0.0 0.0 0.0 -1.0 -1.0 
0.0 0.0 0.0 0.0 0.0 0.0 0.0 0.0 0.0 0.0 0.0 0.0 0.0 -1.0 -1.0 
0.0 0.0 0.0 0.0 0.0 0.0 0.0 0.0 0.0 0.0 0.0 0.0 0.0 0.0 -1.0 
0.0 0.0 0.0 0.0 0.0 0.0 99.02 99.05 99.05 99.05 99.05 99.05 99.08 0.0 0.0 
-1.0 0.0 0.0 0.0 0.0 0.0 0.0 0.0 0.0 0.0 0.0 0.0 0.0 0.0 0.0 
-1.0 -1.0 -1.0 0.0 0.0 0.0 0.0 0.0 0.0 0.0 0.0 0.0 0.0 0.0 0.0 
-1.0 0.0 97.0 1.0 -1.0 -1.0 1.0 1.0 1.0 1.0 1.0 1.0 1.0 1.0 -1.0 
-1.0 0.0 2.0 1.0 -1.0 1.0 2.0 2.0 2.0 3.0 2.0 2.0 2.0 2.0 -1.0 
0.0 0.0 0.0 2.0 1.0 2.0 0.0 0.0 0.0 2.0 0.0 31.01 0.0 0.0 0.0 
0.0 0.0 0.0 0.0 2.0 0.0 0.0 0.0 0.0 0.0 0.0 0.0 0.0 0.0 0.0 
0.0 0.0 0.0 0.0 0.0 0.0 0.0 0.0 0.0 0.0 0.0 0.0 0.0 0.0 0.0 
0.0 0.0 100.03 0.0 0.0 0.0 100.09 0.0 0.0 0.0 0.0 0.0 0.0 0.0 0.0 
0.0 0.0 100.03 0.0 0.0 0.0 100.09 0.0 0.0 0.0 0.0 0.0 0.0 0.0 0.0 
0.0 0.0 100.03 35.01 35.02 42.0 100.09 0.0 0.0 0.0 0.0 0.0 0.0 -1.0 -1.0 
0.0 0.0 0.0 100.03 100.06 100.09 0.0 0.0 0.0 0.0 0.0 0.0 0.0 -1.0 -1.0 
0.0 0.0 0.0 0.0 0.0 0.0 0.0 0.0 0.0 0.0 0.0 0.0 0.0 0.0 -1.0 
0.0 0.0 0.0 0.0 0.0 0.0 0.0 0.0 0.0 1.0 1.0 1.0 1.0 1.0 0.0 
0.0 0.0 0.0 0.0 0.0 0.0 0.0 0.0 2.0 1.0 1.0 1.0 3.0 2.0 0.0 
0.0 0.0 0.0 0.0 0.0 0.0 0.0 0.0 37.0 3.0 2.0 2.0 2.0 0.0 0.0 
0.0 0.0 0.0 0.0 0.0 0.0 0.0 0.0 0.0 99.1 0.0 0.0 0.0 0.0 0.0 
0.0 0.0 0.0 0.0 0.0 0.0 0.0 0.0 0.0 99.1 0.0 0.0 0.0 0.0 -1.0 
0.0 0.0 0.0 0.0 0.0 0.0 0.0 0.0 0.0 99.1 0.0 0.0 0.0 0.0 -1.0 
0.0 0.0 0.0 0.0 0.0 0.0 0.0 0.0 0.0 99.1 0.0 0.0 0.0 0.0 0.0 
0.0 0.0 0.0 0.0 0.0 0.0 99.02 99.05 99.05 99.05 99.05 99.05 99.08 0.0 0.0 
-1.0 0.0 0.0 0.0 0.0 0.0 0.0 0.0 0.0 300.02 0.0 0.0 0.0 0.0 0.0 
-1.0 -1.0 -1.0 -1.0 -1.0 0.0 0.0 0.0 0.0 0.0 0.0 0.0 0.0 0.0 0.0 
-1.0 -1.0 1.0 1.0 1.0 1.0 1.0 1.0 1.0 -1.0 1.0 -1.0 -1.0 -1.0 -1.0 
-1.0 0.0 2.0 2.0 1.0 2.0 2.0 2.0 2.0 1.0 2.0 1.0 1.0 1.0 -1.0 
0.0 0.0 31.02 0.0 2.0 0.0 0.0 0.0 0.0 2.0 0.0 2.0 2.0 2.0 1.0 
0.0 0.0 0.0 0.0 0.0 0.0 0.0 0.0 0.0 0.0 0.0 0.0 0.0 0.0 2.0 
0.0 0.0 0.0 0.0 0.0 0.0 0.0 0.0 0.0 0.0 0.0 0.0 0.0 0.0 0.0 
0.0 0.0 0.0 100.03 100.06 100.09 0.0 0.0 0.0 0.0 0.0 0.0 0.0 0.0 0.0 
0.0 0.0 0.0 100.03 100.06 100.09 0.0 0.0 0.0 0.0 0.0 0.0 0.0 0.0 -1.0 
0.0 0.0 0.0 100.03 100.06 100.09 0.0 0.0 0.0 0.0 0.0 0.0 0.0 -1.0 -1.0 
0.0 0.0 0.0 0.0 0.0 0.0 0.0 0.0 0.0 0.0 0.0 0.0 0.0 0.0 -1.0 
0.0 0.0 0.0 0.0 0.0 0.0 0.0 0.0 0.0 0.0 0.0 1.0 0.0 0.0 0.0 
0.0 0.0 0.0 0.0 0.0 0.0 0.0 0.0 1.0 1.0 97.0 14.0 97.0 97.0 0.0 
0.0 0.0 0.0 0.0 0.0 0.0 0.0 2.0 3.0 1.0 56.0 1.0 1.0 2.0 0.0 
0.0 0.0 0.0 0.0 0.0 0.0 0.0 31.02 2.0 2.0 2.0 2.0 2.0 37.0 0.0 
0.0 0.0 0.0 0.0 0.0 0.0 0.0 0.0 0.0 0.0 31.02 0.0 0.0 0.0 0.0 
0.0 0.0 0.0 0.0 0.0 0.0 0.0 0.0 0.0 0.0 0.0 0.0 0.0 0.0 0.0 
0.0 0.0 0.0 -1.0 0.0 0.0 0.0 0.0 0.0 0.0 0.0 0.0 0.0 0.0 0.0 
0.0 0.0 0.0 0.0 0.0 0.0 0.0 0.0 0.0 0.0 0.0 0.0 0.0 0.0 0.0 
-1.0 0.0 0.0 0.0 0.0 0.0 99.02 99.05 99.05 99.05 99.05 99.05 99.08 0.0 0.0 
-1.0 -1.0 0.0 0.0 0.0 0.0 0.0 0.0 0.0 0.0 0.0 0.0 0.0 0.0 0.0 
-1.0 -1.0 -1.0 0.0 -1.0 0.0 0.0 0.0 0.0 0.0 0.0 0.0 0.0 0.0 -1.0 
-1.0 -1.0 -1.0 1.0 1.0 1.0 1.0 1.0 -1.0 -1.0 -1.0 -1.0 -1.0 -1.0 -1.0 
-1.0 0.0 0.0 2.0 2.0 2.0 2.0 9.09 1.0 1.0 1.0 -1.0 1.0 -1.0 -1.0 
0.0 0.0 0.0 0.0 0.0 0.0 0.0 9.09 2.0 2.0 2.0 1.0 1.0 1.0 -1.0 
0.0 0.0 0.0 0.0 0.0 0.0 0.0 9.09 0.0 0.0 38.0 2.0 2.0 2.0 1.0 
0.0 0.0 0.0 0.0 0.0 0.0 0.0 9.09 0.0 0.0 0.0 0.0 31.02 0.0 0.0 
0.0 0.0 0.0 0.0 0.0 0.0 0.0 9.09 0.0 0.0 0.0 0.0 0.0 0.0 0.0 
0.0 0.0 0.0 0.0 0.0 0.0 0.0 9.09 0.0 0.0 0.0 0.0 0.0 0.0 0.0 
0.0 0.0 0.0 0.0 0.0 0.0 0.0 9.09 0.0 0.0 0.0 0.0 0.0 0.0 -1.0 
0.0 0.0 0.0 0.0 0.0 -1.0 0.0 9.09 0.0 0.0 0.0 0.0 0.0 0.0 0.0 
0.0 0.0 0.0 0.0 0.0 0.0 0.0 9.09 0.0 0.0 97.0 97.0 0.0 0.0 0.0 
0.0 0.0 0.0 0.0 0.0 0.0 0.0 9.09 97.0 97.0 14.0 14.0 1.0 1.0 0.0 
0.0 0.0 0.0 0.0 0.0 0.0 0.0 9.09 2.0 1.0 1.0 56.0 1.0 2.0 0.0 
0.0 0.0 0.0 0.0 0.0 0.0 0.0 9.01 9.0 2.0 2.0 2.0 2.0 0.0 0.0 
0.0 0.0 0.0 0.0 0.0 0.0 0.0 0.0 0.0 37.0 0.0 91.01 0.0 0.0 0.0 
0.0 0.0 0.0 -1.0 0.0 0.0 0.0 0.0 0.0 0.0 0.0 0.0 0.0 0.0 0.0 
0.0 0.0 0.0 -1.0 -1.0 -1.0 0.0 0.0 0.0 0.0 0.0 0.0 0.0 0.0 0.0 
-1.0 0.0 0.0 -1.0 0.0 0.0 0.0 0.0 0.0 0.0 0.0 0.0 0.0 0.0 0.0 
-1.0 -1.0 0.0 0.0 0.0 0.0 99.03 99.05 99.05 99.05 99.05 99.05 99.09 0.0 0.0 
-1.0 -1.0 0.0 0.0 0.0 0.0 0.0 0.0 0.0 0.0 0.0 0.0 0.0 0.0 -1.0 
-1.0 -1.0 -1.0 0.0 0.0 0.0 0.0 0.0 0.0 0.0 0.0 0.0 0.0 -1.0 -1.0 
-1.0 -1.0 -1.0 -1.0 -1.0 1.0 1.0 1.0 1.0 -1.0 -1.0 -1.0 -1.0 -1.0 -1.0 
-1.0 -1.0 0.0 0.0 0.0 2.0 2.0 2.0 2.0 2.0 1.0 -1.0 -1.0 -1.0 -1.0 
-1.0 0.0 0.0 0.0 0.0 0.0 0.0 0.0 0.0 0.0 2.0 1.0 -1.0 -1.0 -1.0 
0.0 0.0 0.0 0.0 0.0 0.0 0.0 0.0 0.0 0.0 0.0 2.0 1.0 1.0 -1.0 
0.0 0.0 0.0 0.0 0.0 0.0 0.0 0.0 0.0 0.0 0.0 0.0 2.0 2.0 97.0 
0.0 0.0 0.0 0.0 0.0 0.0 0.0 0.0 0.0 0.0 0.0 0.0 0.0 91.01 2.0 
0.0 0.0 0.0 0.0 0.0 0.0 0.0 -1.0 0.0 0.0 0.0 0.0 0.0 0.0 0.0 
0.0 0.0 0.0 0.0 0.0 0.0 0.0 0.0 0.0 0.0 0.0 0.0 0.0 0.0 0.0 
0.0 0.0 0.0 0.0 -1.0 -1.0 0.0 0.0 0.0 0.0 0.0 0.0 0.0 0.0 0.0 
0.0 0.0 0.0 0.0 0.0 -1.0 0.0 0.0 0.0 0.0 0.0 0.0 0.0 0.0 0.0 
0.0 0.0 0.0 0.0 0.0 0.0 0.0 0.0 1.0 1.0 1.0 97.0 0.0 0.0 0.0 
0.0 0.0 0.0 0.0 0.0 0.0 0.0 2.0 3.0 97.0 1.0 1.0 1.0 0.0 0.0 
0.0 0.0 0.0 0.0 0.0 0.0 0.0 0.0 2.0 2.0 2.0 2.0 2.0 0.0 0.0 
0.0 0.0 0.0 0.0 0.0 0.0 0.0 0.0 0.0 0.0 0.0 0.0 0.0 0.0 0.0 
0.0 0.0 0.0 0.0 0.0 -1.0 0.0 0.0 0.0 0.0 0.0 0.0 0.0 0.0 0.0 
-1.0 0.0 0.0 0.0 0.0 -1.0 -1.0 0.0 0.0 0.0 0.0 0.0 0.0 0.0 0.0 
-1.0 -1.0 0.0 0.0 0.0 -1.0 0.0 0.0 0.0 0.0 0.0 0.0 0.0 0.0 0.0 
-1.0 -1.0 0.0 0.0 0.0 0.0 0.0 99.03 99.06 99.06 99.06 99.09 0.0 0.0 -1.0 
-1.0 -1.0 -1.0 0.0 0.0 0.0 0.0 0.0 0.0 0.0 0.0 0.0 0.0 -1.0 -1.0 
-1.0 -1.0 -1.0 -1.0 -1.0 0.0 0.0 0.0 0.0 0.0 0.0 0.0 -1.0 -1.0 -1.0 
-1.0 -1.0 -1.0 -1.0 -1.0 -1.0 -1.0 -1.0 -1.0 -1.0 -1.0 -1.0 -1.0 -1.0 -1.0 
-1.0 -1.0 -1.0 0.0 0.0 0.0 0.0 2.0 0.0 0.0 2.0 -1.0 -1.0 -1.0 -1.0 
-1.0 -1.0 0.0 0.0 0.0 0.0 0.0 0.0 0.0 0.0 0.0 3.0 -1.0 -1.0 -1.0 
-1.0 0.0 0.0 0.0 0.0 0.0 0.0 0.0 0.0 0.0 0.0 2.0 1.0 -1.0 -1.0 
-1.0 0.0 0.0 0.0 0.0 0.0 0.0 0.0 0.0 0.0 0.0 0.0 2.0 1.0 -1.0 
-1.0 0.0 0.0 0.0 0.0 0.0 0.0 0.0 -1.0 0.0 0.0 0.0 0.0 2.0 -1.0 
-1.0 0.0 0.0 0.0 0.0 -1.0 -1.0 -1.0 0.0 0.0 0.0 0.0 0.0 0.0 3.0 
-1.0 0.0 0.0 0.0 -1.0 -1.0 -1.0 -1.0 0.0 0.0 0.0 0.0 0.0 0.0 -1.0 
-1.0 0.0 0.0 -1.0 -1.0 -1.0 -1.0 -1.0 0.0 0.0 0.0 0.0 0.0 0.0 -1.0 
-1.0 0.0 0.0 0.0 -1.0 -1.0 -1.0 0.0 0.0 0.0 0.0 0.0 0.0 0.0 -1.0 
-1.0 0.0 0.0 0.0 0.0 -1.0 0.0 0.0 0.0 0.0 1.0 0.0 0.0 0.0 -1.0 
-1.0 0.0 0.0 0.0 0.0 0.0 0.0 0.0 0.0 0.0 2.0 2.0 1.0 0.0 -1.0 
-1.0 0.0 0.0 0.0 0.0 0.0 0.0 0.0 0.0 2.0 0.0 0.0 2.0 2.0 -1.0 
-1.0 0.0 0.0 0.0 0.0 -1.0 -1.0 0.0 0.0 0.0 0.0 0.0 0.0 38.0 -1.0 
-1.0 0.0 0.0 0.0 0.0 -1.0 -1.0 0.0 0.0 0.0 0.0 0.0 0.0 0.0 -1.0 
-1.0 0.0 0.0 0.0 -1.0 -1.0 -1.0 -1.0 0.0 0.0 0.0 0.0 0.0 0.0 -1.0 
-1.0 0.0 0.0 0.0 -1.0 -1.0 -1.0 0.0 0.0 0.0 0.0 0.0 0.0 0.0 -1.0 
-1.0 -1.0 0.0 0.0 0.0 -1.0 0.0 0.0 0.0 0.0 0.0 0.0 0.0 -1.0 -1.0 
-1.0 -1.0 -1.0 0.0 0.0 0.0 0.0 0.0 0.0 0.0 0.0 0.0 -1.0 -1.0 -1.0 
-1.0 -1.0 -1.0 -1.0 -1.0 -1.0 0.0 0.0 0.0 0.0 0.0 -1.0 -1.0 -1.0 -1.0 
