#Exporter v1.0
15 
20
15
-1.0 -1.0 -1.0 -1.0 -1.0 -1.0 -1.0 -1.0 -1.0 -1.0 -1.0 -1.0 -1.0 -1.0 -1.0 
98.0 98.0 98.0 98.0 98.0 98.0 98.0 98.0 98.0 98.0 98.0 98.0 98.0 98.0 98.0 
98.0 98.0 98.0 98.01 98.0 98.0 98.0 98.0 98.0 98.0 98.0 98.0 98.0 98.0 98.0 
98.0 98.0 98.0 98.0 98.0 98.0 98.01 98.0 98.0 98.0 98.0 98.0 98.0 98.0 98.0 
98.0 98.0 98.0 98.0 98.01 98.0 98.0 98.0 98.0 98.01 98.0 98.0 98.0 98.0 98.0 
98.01 98.0 98.0 98.0 98.0 98.0 98.0 98.0 98.0 98.0 98.0 98.01 98.01 98.0 98.0 
98.0 98.0 98.0 98.0 98.01 98.0 98.01 98.01 98.0 98.0 98.01 98.0 98.01 98.0 98.0 
98.0 98.0 98.0 98.0 98.01 98.0 98.0 98.0 98.01 98.0 98.01 98.0 98.0 98.0 98.0 
98.0 98.0 98.0 98.01 98.01 98.0 98.01 98.0 98.01 98.0 98.0 98.0 98.01 98.0 98.0 
98.0 98.0 98.0 98.0 98.01 98.0 98.01 98.01 98.0 98.01 98.0 98.01 98.0 98.0 98.0 
98.0 98.0 98.0 98.0 98.0 98.0 98.01 98.0 98.0 98.0 98.0 98.0 98.0 98.0 98.0 
98.0 98.0 98.0 98.0 98.0 98.0 98.0 98.0 98.0 98.0 98.0 98.0 98.0 98.0 98.0 
98.0 98.0 98.01 98.0 98.01 98.0 98.0 98.0 98.01 98.0 98.0 98.0 98.01 98.0 98.0 
98.0 98.0 98.0 98.01 98.0 98.01 98.01 98.0 98.0 98.01 98.0 98.01 98.0 98.0 98.0 
98.0 98.0 98.01 98.0 98.0 98.01 98.0 98.01 98.0 98.0 98.0 98.01 98.01 98.0 98.0 
98.0 98.0 98.0 98.0 98.0 98.0 98.0 98.0 98.0 98.0 98.0 98.0 98.0 98.0 98.0 
-1.0 -1.0 -1.0 -1.0 -1.0 -1.0 -1.0 -1.0 -1.0 -1.0 -1.0 -1.0 -1.0 -1.0 -1.0 
-1.0 -1.0 -1.0 -1.0 -1.0 -1.0 -1.0 -1.0 -1.0 -1.0 -1.0 -1.0 -1.0 -1.0 -1.0 
-1.0 -1.0 -1.0 -1.0 -1.0 -1.0 -1.0 -1.0 -1.0 -1.0 -1.0 -1.0 -1.0 -1.0 -1.0 
-1.0 -1.0 -1.0 -1.0 -1.0 -1.0 -1.0 -1.0 -1.0 -1.0 -1.0 -1.0 -1.0 -1.0 -1.0 
-1.0 -1.0 -1.0 -1.0 -1.0 -1.0 -1.0 -1.0 -1.0 -1.0 -1.0 -1.0 -1.0 -1.0 -1.0 
98.0 98.0 98.0 98.0 98.01 98.0 98.0 98.0 98.0 98.0 98.0 98.0 98.0 98.0 98.0 
98.0 0.0 106.02 106.02 106.02 0.0 0.0 0.0 0.0 0.0 0.0 109.02 0.0 98.01 98.0 
98.0 0.0 106.02 106.02 106.02 0.0 106.02 0.0 0.0 106.02 0.0 0.0 109.02 98.01 98.0 
98.0 106.02 106.02 0.0 106.02 0.0 106.02 0.0 0.0 106.02 0.0 0.0 106.02 106.01 98.0 
98.01 106.02 106.02 106.02 106.02 0.0 106.02 0.0 106.02 106.02 106.02 0.0 106.02 106.01 98.0 
98.0 98.01 98.01 98.01 98.01 98.01 98.01 98.01 98.01 98.01 98.01 98.01 98.01 98.01 98.0 
98.0 98.01 98.01 98.01 98.01 98.01 98.01 98.01 0.0 0.0 0.0 0.0 0.0 98.01 98.0 
98.0 98.01 106.02 106.01 98.01 0.0 106.01 98.01 98.0 98.0 98.0 98.0 98.0 98.0 98.01 
98.0 98.01 106.02 106.01 98.01 0.0 106.01 98.01 98.0 98.0 98.0 98.0 98.0 98.0 98.0 
98.0 98.01 106.02 106.01 98.01 0.0 106.01 98.01 98.0 98.0 98.0 98.0 98.0 98.0 98.0 
98.0 98.0 98.0 98.01 98.0 98.0 98.0 98.0 98.0 98.0 98.0 98.0 98.01 98.0 98.0 
98.0 106.02 0.0 0.0 0.0 0.0 0.0 0.0 106.02 0.0 0.0 0.0 0.0 0.0 98.0 
98.01 106.02 0.0 0.0 106.02 0.0 0.0 0.0 106.02 0.0 0.0 0.0 0.0 0.0 98.0 
98.0 106.02 0.0 0.0 106.02 106.02 106.02 0.0 106.02 106.02 0.0 0.0 0.0 0.0 98.01 
98.0 98.0 98.0 98.01 98.0 98.01 98.01 98.0 98.0 98.01 98.0 98.01 98.0 98.0 98.0 
-1.0 0.0 0.0 0.0 0.0 0.0 0.0 0.0 0.0 0.0 0.0 -1.0 0.0 -1.0 -1.0 
-1.0 0.0 0.0 0.0 0.0 0.0 0.0 0.0 0.0 0.0 0.0 0.0 -1.0 -1.0 -1.0 
-1.0 -1.0 -1.0 0.0 0.0 0.0 0.0 0.0 0.0 0.0 0.0 -1.0 -1.0 -1.0 -1.0 
-1.0 -1.0 -1.0 -1.0 -1.0 -1.0 -1.0 -1.0 -1.0 -1.0 -1.0 -1.0 -1.0 -1.0 -1.0 
-1.0 -1.0 -1.0 -1.0 -1.0 -1.0 -1.0 -1.0 -1.0 -1.0 -1.0 -1.0 -1.0 -1.0 -1.0 
98.0 98.01 98.0 98.0 98.01 98.0 98.01 98.01 98.0 98.0 98.0 98.01 98.0 98.0 98.0 
98.0 0.0 0.0 0.0 0.0 0.0 0.0 0.0 0.0 0.0 0.0 98.01 98.01 98.01 98.0 
98.01 0.0 0.0 0.0 0.0 0.0 0.0 0.0 0.0 0.0 0.0 98.01 98.01 98.01 98.0 
98.0 0.0 0.0 0.0 0.0 0.0 0.0 0.0 0.0 0.0 0.0 98.01 109.03 0.0 98.0 
98.0 0.0 0.0 0.0 0.0 0.0 0.0 0.0 0.0 0.0 98.01 109.03 0.0 0.0 98.0 
98.0 98.01 98.01 98.01 98.01 98.01 98.01 98.01 98.01 98.01 109.03 0.0 0.0 0.0 98.0 
98.0 98.01 98.01 98.01 98.01 98.01 98.01 98.01 98.01 98.01 98.01 98.01 98.01 98.01 98.0 
98.0 98.01 106.04 106.01 0.0 0.0 106.01 0.0 0.0 0.0 0.0 0.0 98.01 98.0 98.0 
98.0 98.01 106.04 106.01 0.0 0.0 106.01 0.0 0.0 0.0 0.0 98.01 98.01 98.0 98.01 
98.0 98.01 106.04 106.01 98.01 0.0 106.01 98.01 98.01 98.01 98.01 98.01 98.01 98.0 98.0 
98.0 109.01 98.0 98.01 98.0 98.01 98.0 98.01 98.0 98.0 98.0 98.0 98.0 98.0 98.0 
98.0 0.0 0.0 0.0 0.0 0.0 0.0 0.0 0.0 0.0 0.0 300.02 0.0 0.0 98.01 
98.01 0.0 0.0 0.0 0.0 0.0 0.0 0.0 0.0 0.0 0.0 0.0 0.0 0.0 98.01 
98.0 0.0 0.0 0.0 0.0 0.0 0.0 0.0 0.0 0.0 0.0 0.0 0.0 0.0 98.0 
98.0 98.0 98.01 98.0 98.0 98.0 98.0 98.01 98.0 98.0 98.01 98.0 98.0 98.01 98.0 
-1.0 0.0 0.0 0.0 0.0 0.0 0.0 0.0 0.0 0.0 0.0 0.0 0.0 0.0 -1.0 
-1.0 0.0 0.0 0.0 0.0 0.0 0.0 0.0 0.0 0.0 0.0 0.0 0.0 -1.0 -1.0 
-1.0 0.0 -1.0 0.0 0.0 0.0 0.0 0.0 0.0 0.0 0.0 -1.0 -1.0 -1.0 -1.0 
-1.0 -1.0 -1.0 0.0 0.0 -1.0 0.0 0.0 -1.0 -1.0 -1.0 -1.0 -1.0 -1.0 -1.0 
-1.0 -1.0 -1.0 -1.0 -1.0 -1.0 -1.0 -1.0 -1.0 -1.0 -1.0 -1.0 -1.0 -1.0 -1.0 
98.0 98.0 98.0 98.0 98.0 98.0 98.0 98.0 98.0 98.0 98.0 98.0 98.01 98.0 98.0 
98.0 0.0 0.0 0.0 0.0 0.0 0.0 0.0 0.0 0.0 0.0 0.0 0.0 106.01 98.01 
98.0 106.04 0.0 0.0 0.0 0.0 0.0 0.0 0.0 0.0 0.0 0.0 0.0 106.01 98.0 
98.01 106.04 0.0 0.0 0.0 0.0 0.0 0.0 0.0 0.0 0.0 0.0 0.0 106.01 98.01 
98.01 106.04 0.0 0.0 0.0 0.0 0.0 0.0 0.0 0.0 0.0 0.0 0.0 106.01 98.0 
98.0 98.01 98.01 98.01 98.01 98.01 98.01 98.01 98.01 98.01 98.01 98.01 98.01 98.01 98.0 
98.01 98.01 98.01 98.01 98.01 98.01 98.01 98.01 98.01 109.03 98.01 98.01 98.01 98.01 98.0 
98.0 98.01 0.0 106.01 98.01 0.0 0.0 98.01 98.01 98.01 98.01 98.01 98.01 98.0 98.01 
98.0 98.01 0.0 106.01 98.01 0.0 0.0 98.01 98.01 98.01 98.01 98.01 98.0 98.0 98.0 
98.0 109.01 0.0 106.01 98.01 0.0 0.0 98.01 98.01 98.0 98.0 98.01 98.0 98.0 98.01 
98.0 0.0 98.01 98.0 98.01 98.0 98.0 98.0 98.0 98.01 98.0 98.0 98.0 98.0 98.0 
98.0 0.0 0.0 0.0 0.0 0.0 300.03 0.0 0.0 0.0 0.0 0.0 0.0 106.01 98.0 
98.0 0.0 0.0 0.0 0.0 0.0 0.0 0.0 0.0 0.0 0.0 0.0 0.0 0.0 98.0 
98.0 0.0 0.0 0.0 0.0 0.0 0.0 0.0 0.0 0.0 0.0 0.0 0.0 0.0 98.01 
98.0 98.0 98.01 98.0 98.01 98.01 98.0 98.0 98.01 98.0 98.0 98.01 98.0 98.0 98.0 
-1.0 0.0 0.0 0.0 0.0 0.0 0.0 0.0 0.0 0.0 0.0 0.0 0.0 0.0 -1.0 
-1.0 0.0 0.0 0.0 0.0 0.0 0.0 0.0 0.0 0.0 0.0 0.0 0.0 0.0 -1.0 
-1.0 0.0 -1.0 0.0 0.0 0.0 0.0 0.0 0.0 -1.0 -1.0 -1.0 0.0 -1.0 -1.0 
-1.0 -1.0 -1.0 -1.0 -1.0 0.0 0.0 -1.0 -1.0 -1.0 -1.0 -1.0 -1.0 -1.0 -1.0 
-1.0 -1.0 -1.0 -1.0 -1.0 -1.0 -1.0 -1.0 -1.0 -1.0 -1.0 -1.0 -1.0 -1.0 -1.0 
98.0 98.0 98.0 98.01 98.0 98.01 98.0 98.01 98.0 98.0 98.01 98.01 98.0 98.0 98.0 
98.0 0.0 0.0 0.0 0.0 0.0 0.0 0.0 0.0 0.0 0.0 0.0 0.0 0.0 98.0 
98.0 0.0 0.0 0.0 0.0 0.0 0.0 0.0 0.0 0.0 0.0 0.0 0.0 106.01 98.0 
98.0 0.0 0.0 0.0 0.0 0.0 0.0 0.0 0.0 0.0 0.0 0.0 0.0 106.01 98.0 
98.0 106.04 0.0 0.0 0.0 0.0 0.0 0.0 0.0 0.0 0.0 0.0 0.0 106.01 98.0 
98.0 98.01 98.01 98.01 98.01 98.01 98.01 98.01 98.01 98.01 98.01 98.01 98.01 98.01 98.0 
98.0 98.01 98.01 98.01 98.01 98.01 98.01 98.01 98.01 33.04 29.04 29.04 29.04 98.01 98.0 
98.0 98.01 0.0 0.0 98.01 98.01 98.01 98.01 98.01 0.0 0.0 0.0 0.0 98.01 98.0 
98.0 109.01 0.0 106.01 98.01 98.01 98.01 98.01 98.01 98.01 98.01 98.01 98.01 98.01 98.01 
98.0 0.0 0.0 106.01 98.01 98.01 98.01 98.01 98.01 98.01 98.01 98.01 98.01 98.01 98.0 
98.0 0.0 98.0 98.0 98.0 98.0 98.01 98.0 98.0 98.0 98.0 98.0 98.01 98.0 98.0 
98.01 0.0 0.0 0.0 0.0 0.0 0.0 0.0 0.0 0.0 0.0 0.0 0.0 106.01 98.0 
98.0 106.04 0.0 0.0 0.0 0.0 0.0 0.0 0.0 0.0 0.0 0.0 0.0 106.01 98.01 
98.0 106.04 0.0 0.0 0.0 0.0 0.0 0.0 0.0 106.0 0.0 0.0 0.0 106.01 98.0 
98.0 98.0 98.0 98.0 98.0 98.0 98.0 98.0 98.0 98.01 98.0 98.01 98.0 98.01 98.0 
-1.0 0.0 0.0 0.0 0.0 0.0 0.0 0.0 0.0 0.0 0.0 0.0 0.0 0.0 -1.0 
-1.0 0.0 0.0 0.0 0.0 0.0 0.0 0.0 0.0 0.0 0.0 0.0 0.0 0.0 -1.0 
-1.0 0.0 0.0 -1.0 0.0 0.0 0.0 0.0 -1.0 -1.0 -1.0 0.0 0.0 0.0 -1.0 
-1.0 -1.0 -1.0 -1.0 -1.0 0.0 -1.0 -1.0 -1.0 -1.0 -1.0 -1.0 -1.0 -1.0 -1.0 
-1.0 -1.0 -1.0 -1.0 -1.0 -1.0 -1.0 -1.0 -1.0 -1.0 -1.0 -1.0 -1.0 -1.0 -1.0 
98.0 98.0 98.0 98.0 98.01 98.0 98.0 98.0 98.0 98.0 98.0 98.01 98.0 98.0 98.0 
98.0 0.0 0.0 0.0 50.05 0.0 0.0 0.0 0.0 0.0 0.0 0.0 0.0 0.0 98.0 
98.0 0.0 0.0 0.0 0.0 0.0 0.0 0.0 0.0 0.0 0.0 0.0 0.0 0.0 98.0 
98.01 0.0 0.0 0.0 0.0 0.0 0.0 0.0 0.0 0.0 0.0 0.0 0.0 0.0 98.0 
98.01 0.0 0.0 0.0 0.0 0.0 0.0 0.0 0.0 0.0 0.0 0.0 0.0 0.0 98.0 
98.0 98.01 98.01 98.01 98.01 98.0 98.01 98.01 98.01 98.01 98.01 98.01 98.01 98.01 98.0 
98.01 98.01 98.01 98.01 98.01 98.01 98.01 98.01 98.01 98.01 98.01 98.01 98.01 98.01 98.0 
98.0 109.01 0.0 0.0 98.01 98.0 55.15 76.04 98.01 55.0 55.0 55.0 55.0 98.01 98.0 
98.0 106.04 0.0 75.04 98.01 55.14 0.0 98.01 98.01 98.01 98.01 98.01 98.01 98.01 98.0 
98.0 106.04 0.0 0.0 98.01 98.01 98.01 11.0 98.01 98.01 98.01 98.01 98.01 98.01 98.01 
98.0 106.04 98.01 98.0 98.01 98.0 98.0 98.0 98.0 98.0 98.0 98.01 98.0 98.0 98.0 
98.0 106.04 0.0 0.0 0.0 0.0 0.0 0.0 0.0 0.0 0.0 0.0 0.0 0.0 98.01 
98.0 106.04 0.0 0.0 0.0 0.0 0.0 0.0 0.0 0.0 0.0 0.0 0.0 0.0 98.0 
98.0 106.04 0.0 0.0 0.0 0.0 0.0 0.0 106.0 0.0 0.0 0.0 0.0 106.01 98.0 
98.0 98.0 98.01 98.0 98.0 98.0 98.0 98.0 98.01 98.0 98.0 98.0 98.0 98.0 98.0 
-1.0 0.0 0.0 0.0 0.0 0.0 0.0 0.0 2.0 0.0 2.0 0.0 0.0 0.0 -1.0 
-1.0 0.0 0.0 0.0 0.0 0.0 0.0 0.0 0.0 0.0 0.0 0.0 0.0 0.0 -1.0 
-1.0 0.0 0.0 0.0 0.0 0.0 0.0 0.0 0.0 0.0 0.0 0.0 0.0 0.0 -1.0 
-1.0 -1.0 0.0 -1.0 -1.0 -1.0 0.0 -1.0 -1.0 -1.0 0.0 -1.0 -1.0 -1.0 -1.0 
-1.0 -1.0 -1.0 -1.0 -1.0 -1.0 -1.0 -1.0 -1.0 -1.0 -1.0 -1.0 -1.0 -1.0 -1.0 
98.0 98.0 98.0 98.0 98.0 98.0 98.0 98.0 98.01 98.0 98.01 98.0 98.0 98.01 98.0 
98.0 106.04 0.0 0.0 0.0 0.0 0.0 0.0 0.0 0.0 0.0 0.0 0.0 0.0 98.01 
98.0 106.04 0.0 0.0 0.0 0.0 0.0 0.0 0.0 0.0 0.0 0.0 0.0 0.0 98.01 
98.0 106.04 0.0 0.0 0.0 0.0 0.0 0.0 0.0 0.0 0.0 0.0 0.0 0.0 98.01 
98.0 106.04 0.0 0.0 0.0 0.0 0.0 0.0 0.0 0.0 0.0 0.0 0.0 0.0 98.0 
98.0 98.01 98.01 98.01 98.01 98.01 98.01 98.01 98.01 98.01 98.01 98.01 98.01 98.01 98.0 
98.0 98.01 98.01 98.01 98.01 98.01 98.01 98.01 98.01 98.01 98.01 98.01 98.01 98.01 98.0 
98.0 0.0 0.0 0.0 98.01 98.01 55.14 98.01 98.01 98.01 75.02 98.01 98.01 98.01 98.01 
98.01 0.0 0.0 106.01 98.01 98.01 0.0 98.01 98.01 98.01 0.0 0.0 98.01 98.01 98.01 
98.0 0.0 0.0 106.01 98.01 98.01 98.01 98.01 98.01 98.01 98.01 98.01 98.01 98.01 98.0 
98.0 98.0 98.01 98.0 98.0 98.0 98.0 98.0 98.0 98.0 98.0 98.0 98.0 98.01 98.0 
98.0 0.0 0.0 0.0 0.0 0.0 0.0 300.01 0.0 0.0 0.0 0.0 0.0 106.01 98.0 
98.01 0.0 0.0 0.0 0.0 0.0 0.0 0.0 0.0 0.0 0.0 0.0 0.0 106.01 98.01 
98.0 0.0 0.0 0.0 0.0 0.0 0.0 0.0 0.0 0.0 0.0 0.0 0.0 106.01 98.01 
98.0 98.0 98.0 98.0 98.01 98.01 98.0 98.0 98.0 98.0 98.01 98.0 98.01 98.0 98.0 
-1.0 0.0 0.0 0.0 0.0 106.01 2.0 0.0 2.0 2.0 2.0 0.0 0.0 0.0 -1.0 
-1.0 0.0 0.0 0.0 0.0 106.01 91.03 0.0 0.0 38.0 0.0 0.0 0.0 0.0 -1.0 
-1.0 0.0 0.0 0.0 0.0 0.0 0.0 0.0 0.0 0.0 0.0 0.0 0.0 0.0 -1.0 
-1.0 -1.0 0.0 0.0 0.0 0.0 0.0 0.0 -1.0 0.0 0.0 0.0 -1.0 -1.0 -1.0 
-1.0 -1.0 -1.0 -1.0 -1.0 -1.0 -1.0 -1.0 -1.0 -1.0 -1.0 -1.0 -1.0 -1.0 -1.0 
98.0 98.0 98.0 98.0 98.0 98.0 98.01 98.0 98.0 98.0 98.0 98.0 98.01 98.0 98.0 
98.01 0.0 0.0 0.0 0.0 0.0 0.0 0.0 302.0 0.0 0.0 0.0 0.0 0.0 98.01 
98.01 0.0 0.0 0.0 0.0 0.0 0.0 0.0 0.0 0.0 0.0 0.0 0.0 106.01 98.01 
98.01 106.04 0.0 0.0 0.0 0.0 0.0 0.0 0.0 0.0 0.0 0.0 0.0 106.01 98.0 
98.0 106.04 0.0 0.0 0.0 0.0 0.0 0.0 0.0 0.0 0.0 0.0 0.0 106.01 98.0 
98.0 98.01 98.01 98.01 98.01 98.01 98.01 98.01 98.01 98.01 98.01 98.01 98.01 98.01 98.01 
98.01 98.01 98.01 98.01 98.01 98.01 98.01 98.01 98.01 98.01 98.01 98.01 98.01 98.01 98.0 
98.01 0.0 0.0 0.0 98.01 98.01 25.0 98.01 98.01 98.01 98.01 98.01 98.01 98.01 98.01 
98.0 0.0 0.0 0.0 98.01 98.01 0.0 98.01 98.01 76.05 55.15 75.05 98.01 98.01 98.01 
98.01 0.0 0.0 0.0 98.01 98.01 98.01 98.01 98.01 98.01 98.01 98.01 98.01 98.01 98.0 
98.0 98.0 98.0 98.0 98.0 98.01 98.0 98.0 98.0 98.01 98.0 98.01 98.0 98.0 98.0 
98.0 0.0 0.0 0.0 0.0 0.0 0.0 0.0 0.0 0.0 0.0 0.0 0.0 0.0 98.0 
98.0 0.0 0.0 0.0 0.0 0.0 0.0 0.0 0.0 0.0 0.0 0.0 0.0 0.0 98.0 
98.0 0.0 0.0 0.0 0.0 0.0 0.0 0.0 0.0 0.0 0.0 0.0 0.0 106.01 98.0 
98.0 98.0 98.0 98.01 98.0 98.0 98.01 98.0 98.0 98.0 98.0 98.0 98.0 98.01 98.0 
-1.0 0.0 0.0 0.0 0.0 106.01 2.0 0.0 2.0 2.0 2.0 0.0 0.0 0.0 -1.0 
-1.0 0.0 0.0 0.0 0.0 0.0 106.02 0.0 0.0 0.0 0.0 0.0 0.0 0.0 -1.0 
-1.0 0.0 0.0 0.0 0.0 0.0 0.0 0.0 0.0 0.0 0.0 0.0 0.0 0.0 -1.0 
-1.0 0.0 0.0 0.0 0.0 0.0 -1.0 -1.0 -1.0 0.0 0.0 -1.0 -1.0 -1.0 -1.0 
-1.0 -1.0 -1.0 -1.0 -1.0 -1.0 -1.0 -1.0 -1.0 -1.0 -1.0 -1.0 -1.0 -1.0 -1.0 
98.0 98.0 98.0 98.0 98.01 98.0 98.0 98.0 98.01 98.0 98.0 98.0 98.0 98.0 98.0 
98.0 0.0 0.0 0.0 0.0 0.0 0.0 0.0 0.0 0.0 0.0 0.0 0.0 0.0 98.0 
98.0 0.0 0.0 0.0 0.0 0.0 0.0 0.0 0.0 0.0 0.0 0.0 0.0 0.0 98.0 
98.0 0.0 0.0 0.0 0.0 0.0 0.0 0.0 0.0 0.0 0.0 0.0 0.0 0.0 98.01 
98.01 0.0 0.0 0.0 0.0 0.0 0.0 0.0 0.0 0.0 0.0 0.0 0.0 0.0 98.0 
98.0 98.01 98.01 98.01 98.01 98.01 98.01 98.01 98.01 98.01 98.0 98.01 98.01 98.01 98.0 
98.0 98.01 98.01 98.01 98.01 98.01 98.01 98.01 98.01 98.01 98.01 98.01 98.01 98.01 98.0 
98.0 0.0 0.0 0.0 98.01 98.01 55.0 98.01 98.01 55.0 98.01 55.11 98.01 98.01 98.0 
98.01 0.0 0.0 77.04 98.01 55.0 0.0 76.05 98.01 98.01 98.01 98.01 98.01 98.01 98.0 
98.0 0.0 0.0 106.01 98.01 98.01 98.01 98.01 98.01 98.01 98.01 98.01 98.01 98.01 98.0 
98.01 98.0 98.0 98.01 98.0 98.0 98.01 98.0 98.01 98.0 98.0 98.0 98.0 98.01 98.0 
98.0 0.0 0.0 0.0 0.0 0.0 0.0 0.0 0.0 106.08 0.0 0.0 0.0 106.08 98.01 
98.01 0.0 0.0 0.0 0.0 0.0 0.0 0.0 0.0 106.08 106.08 106.08 0.0 106.08 98.01 
98.0 0.0 0.0 0.0 0.0 0.0 0.0 0.0 0.0 106.08 106.08 106.08 0.0 106.08 98.0 
98.0 98.0 98.0 98.0 98.0 98.01 98.0 98.0 98.01 98.0 98.01 98.01 98.01 98.0 98.0 
-1.0 0.0 0.0 0.0 2.0 2.0 2.0 2.0 2.0 2.0 0.0 0.0 0.0 0.0 -1.0 
-1.0 0.0 0.0 0.0 0.0 0.0 37.0 0.0 0.0 0.0 0.0 0.0 0.0 0.0 -1.0 
-1.0 0.0 0.0 0.0 0.0 0.0 0.0 0.0 0.0 0.0 0.0 0.0 0.0 0.0 -1.0 
-1.0 0.0 0.0 0.0 0.0 -1.0 -1.0 -1.0 -1.0 0.0 -1.0 -1.0 -1.0 -1.0 -1.0 
-1.0 -1.0 -1.0 -1.0 -1.0 -1.0 -1.0 -1.0 -1.0 -1.0 -1.0 -1.0 -1.0 -1.0 -1.0 
98.0 98.0 98.0 98.0 98.0 98.0 98.01 98.0 98.0 98.0 98.0 98.0 98.0 98.01 98.0 
98.0 106.04 0.0 0.0 0.0 0.0 0.0 0.0 0.0 0.0 0.0 0.0 0.0 0.0 98.0 
98.0 106.04 0.0 0.0 0.0 0.0 0.0 0.0 0.0 0.0 0.0 0.0 0.0 0.0 98.01 
98.0 106.04 0.0 0.0 0.0 0.0 0.0 0.0 0.0 0.0 0.0 0.0 0.0 0.0 98.0 
98.0 106.04 0.0 0.0 0.0 0.0 0.0 0.0 0.0 0.0 0.0 0.0 0.0 0.0 98.0 
98.0 98.01 98.01 98.01 98.01 98.01 98.01 98.01 98.01 98.01 98.01 98.01 98.01 98.01 98.0 
98.0 98.01 98.01 98.01 98.01 98.01 98.01 98.01 98.01 98.01 98.01 98.01 98.01 98.01 98.01 
98.0 106.04 0.0 106.01 98.01 98.01 25.0 98.01 75.03 55.0 98.01 55.12 98.01 98.01 98.01 
98.0 106.04 0.0 106.01 98.01 98.01 98.01 55.15 0.0 98.01 98.01 98.01 98.01 98.01 98.0 
98.0 106.04 0.0 106.01 98.01 98.01 98.01 98.01 98.01 98.01 98.01 98.01 98.01 98.01 98.01 
98.0 98.0 98.0 98.0 98.0 98.01 98.01 98.0 98.0 98.0 98.0 98.0 98.0 98.01 98.0 
98.0 101.0 101.0 101.0 0.0 0.0 101.0 101.0 101.0 98.0 98.0 98.0 71.02 98.0 98.0 
98.01 101.0 101.0 101.0 0.0 0.0 101.0 101.0 101.0 98.0 98.0 98.0 71.1 98.0 98.01 
98.0 101.0 101.0 101.0 101.0 101.0 101.0 101.0 101.0 98.0 98.0 98.0 98.0 98.0 98.0 
98.0 98.0 98.0 98.01 98.0 98.0 98.0 98.0 98.0 98.0 98.0 98.0 98.0 98.01 98.0 
-1.0 0.0 0.0 0.0 2.0 2.0 2.0 2.0 2.0 2.0 0.0 0.0 0.0 0.0 -1.0 
-1.0 0.0 0.0 0.0 0.0 0.0 0.0 0.0 0.0 0.0 0.0 0.0 0.0 0.0 -1.0 
-1.0 0.0 0.0 0.0 0.0 0.0 0.0 0.0 0.0 0.0 0.0 0.0 0.0 0.0 -1.0 
-1.0 -1.0 0.0 0.0 0.0 0.0 0.0 0.0 0.0 0.0 0.0 -1.0 -1.0 -1.0 -1.0 
-1.0 -1.0 -1.0 -1.0 -1.0 -1.0 -1.0 -1.0 -1.0 -1.0 -1.0 -1.0 -1.0 -1.0 -1.0 
98.0 98.0 98.0 98.0 98.0 98.0 98.0 98.0 98.0 98.0 98.01 98.01 98.01 98.0 98.0 
98.01 301.0 0.0 0.0 0.0 0.0 0.0 0.0 0.0 0.0 0.0 0.0 0.0 0.0 98.0 
98.0 0.0 0.0 0.0 0.0 0.0 0.0 0.0 0.0 0.0 0.0 0.0 0.0 0.0 98.0 
98.01 106.04 0.0 0.0 0.0 0.0 0.0 0.0 0.0 0.0 0.0 0.0 0.0 0.0 98.01 
98.01 106.04 0.0 0.0 0.0 0.0 0.0 0.0 0.0 0.0 0.0 0.0 0.0 0.0 98.0 
98.01 98.01 98.01 98.01 98.01 98.01 98.01 98.01 98.01 98.01 98.01 98.01 98.01 98.01 98.01 
98.0 98.01 98.01 98.01 98.01 98.01 98.01 98.01 98.01 98.01 98.01 98.01 98.01 98.01 98.0 
98.01 0.0 0.0 0.0 98.01 98.01 55.0 98.01 98.01 93.01 25.0 55.13 98.01 98.01 98.0 
98.01 0.0 0.0 69.04 98.01 55.0 0.0 76.05 98.01 98.01 0.0 98.01 98.01 98.01 98.01 
98.0 0.0 0.0 0.0 98.01 98.01 98.01 98.01 98.01 98.01 98.01 98.01 98.01 98.01 98.0 
98.0 98.0 98.0 98.0 98.0 98.0 98.0 98.0 98.01 98.0 98.0 98.01 98.0 98.0 98.0 
98.0 0.0 300.0 0.0 0.0 0.0 0.0 0.0 0.0 98.0 0.0 0.0 0.0 0.0 98.0 
98.0 106.04 0.0 0.0 0.0 0.0 0.0 0.0 0.0 98.01 0.0 77.01 0.0 0.0 98.01 
98.0 106.04 0.0 0.0 0.0 0.0 0.0 0.0 0.0 98.0 0.0 106.02 106.0 0.0 98.0 
98.0 98.01 98.0 98.0 98.0 98.01 98.0 98.0 98.01 98.0 98.01 98.01 98.0 98.0 98.0 
-1.0 0.0 0.0 0.0 2.0 2.0 2.0 2.0 2.0 91.03 0.0 0.0 0.0 0.0 -1.0 
-1.0 0.0 0.0 0.0 0.0 0.0 0.0 0.0 0.0 0.0 0.0 0.0 0.0 0.0 -1.0 
-1.0 0.0 0.0 0.0 0.0 0.0 0.0 0.0 0.0 0.0 0.0 0.0 0.0 0.0 -1.0 
-1.0 -1.0 -1.0 0.0 -1.0 0.0 0.0 0.0 0.0 0.0 0.0 0.0 -1.0 -1.0 -1.0 
-1.0 -1.0 -1.0 -1.0 -1.0 -1.0 -1.0 -1.0 -1.0 -1.0 -1.0 -1.0 -1.0 -1.0 -1.0 
98.0 98.0 98.0 98.0 98.0 98.0 98.0 98.0 98.0 98.0 98.0 98.0 98.01 98.0 98.0 
98.0 301.02 0.0 0.0 0.0 0.0 0.0 0.0 0.0 0.0 0.0 0.0 0.0 0.0 98.0 
98.0 0.0 0.0 0.0 0.0 0.0 0.0 0.0 0.0 0.0 0.0 0.0 0.0 106.01 98.0 
98.0 0.0 0.0 0.0 0.0 0.0 0.0 0.0 0.0 0.0 0.0 0.0 0.0 106.01 98.0 
98.0 106.04 0.0 0.0 0.0 0.0 0.0 0.0 0.0 0.0 0.0 0.0 0.0 106.01 98.0 
98.0 98.01 98.01 98.01 98.01 98.01 98.01 98.01 98.01 98.01 98.01 98.01 98.01 98.01 98.0 
98.01 98.01 98.01 98.01 98.01 98.01 98.01 98.01 98.01 98.01 98.01 98.01 98.01 98.01 98.0 
98.0 0.0 0.0 0.0 98.01 0.0 25.0 0.0 98.01 25.0 98.01 55.14 98.01 98.01 98.01 
98.01 0.0 0.0 0.0 98.01 98.01 98.01 98.01 98.01 0.0 98.01 98.01 98.01 98.01 98.0 
98.0 0.0 0.0 0.0 98.01 98.01 98.01 98.01 98.01 98.01 98.01 98.01 98.01 98.01 98.0 
98.0 98.0 98.0 98.0 98.01 98.0 98.01 98.0 98.0 98.01 98.0 98.0 98.0 98.0 98.0 
98.0 0.0 0.0 0.0 0.0 0.0 0.0 0.0 106.01 98.01 106.04 0.0 0.0 0.0 98.01 
98.01 106.04 0.0 0.0 0.0 0.0 0.0 0.0 106.01 98.0 106.04 0.0 0.0 0.0 98.01 
98.0 106.04 0.0 0.0 0.0 0.0 0.0 0.0 106.01 98.0 106.04 0.0 0.0 106.0 98.01 
98.0 98.0 98.01 98.01 98.01 98.0 98.01 98.0 98.0 98.01 98.0 98.0 98.0 98.01 98.0 
-1.0 0.0 0.0 0.0 2.0 2.0 2.0 0.0 106.02 0.0 0.0 0.0 0.0 0.0 -1.0 
-1.0 0.0 0.0 0.0 0.0 0.0 38.0 0.0 0.0 0.0 0.0 0.0 0.0 0.0 -1.0 
-1.0 -1.0 0.0 0.0 0.0 0.0 0.0 0.0 0.0 0.0 0.0 0.0 0.0 0.0 -1.0 
-1.0 -1.0 -1.0 -1.0 -1.0 -1.0 0.0 0.0 0.0 0.0 0.0 -1.0 -1.0 -1.0 -1.0 
-1.0 -1.0 -1.0 -1.0 -1.0 -1.0 -1.0 -1.0 -1.0 -1.0 -1.0 -1.0 -1.0 -1.0 -1.0 
98.0 98.0 98.01 98.0 98.0 98.01 98.0 98.0 98.0 98.01 98.0 98.01 98.0 98.0 98.0 
98.01 0.0 0.0 0.0 0.0 0.0 0.0 0.0 0.0 0.0 0.0 0.0 0.0 0.0 98.0 
98.0 0.0 0.0 0.0 0.0 0.0 0.0 0.0 0.0 0.0 0.0 0.0 0.0 0.0 98.0 
98.01 0.0 0.0 0.0 0.0 0.0 0.0 0.0 0.0 0.0 0.0 0.0 0.0 0.0 98.0 
98.01 0.0 0.0 0.0 0.0 0.0 0.0 0.0 0.0 0.0 0.0 0.0 0.0 106.01 98.0 
98.0 98.01 98.01 98.01 98.01 98.01 98.01 98.01 98.01 98.01 98.01 98.01 98.01 98.01 98.0 
98.0 98.01 98.01 98.01 98.01 98.01 98.01 98.01 98.01 98.01 98.01 98.01 98.01 98.01 98.0 
98.01 0.0 0.0 0.0 98.01 98.01 55.0 98.01 76.03 94.14 94.14 55.15 55.14 98.01 98.01 
98.0 106.04 0.0 69.04 98.01 55.0 0.0 98.01 98.01 98.01 98.01 98.01 98.01 98.01 98.01 
98.01 106.04 0.0 106.01 98.01 98.01 98.01 98.01 98.01 98.01 98.01 98.01 98.01 98.01 98.01 
98.0 98.0 98.0 98.0 98.0 98.0 98.01 98.0 98.0 98.0 98.01 98.0 98.01 98.0 98.0 
98.0 106.04 0.0 0.0 0.0 0.0 52.0 0.0 0.0 98.0 0.0 0.0 0.0 0.0 98.0 
98.01 106.04 0.0 0.0 0.0 0.0 0.0 0.0 0.0 98.0 0.0 0.0 0.0 0.0 98.01 
98.0 106.04 0.0 0.0 0.0 0.0 0.0 0.0 0.0 98.0 0.0 0.0 106.0 0.0 98.0 
98.0 98.0 98.01 98.01 98.0 98.01 98.0 98.01 98.01 98.0 98.0 98.01 98.0 98.0 98.0 
-1.0 0.0 0.0 0.0 0.0 2.0 0.0 0.0 0.0 0.0 0.0 0.0 0.0 0.0 -1.0 
-1.0 -1.0 0.0 0.0 0.0 0.0 0.0 0.0 0.0 0.0 0.0 0.0 0.0 0.0 -1.0 
-1.0 -1.0 -1.0 0.0 0.0 0.0 0.0 0.0 0.0 0.0 0.0 0.0 -1.0 0.0 -1.0 
-1.0 -1.0 -1.0 -1.0 -1.0 0.0 0.0 0.0 0.0 -1.0 -1.0 -1.0 -1.0 -1.0 -1.0 
-1.0 -1.0 -1.0 -1.0 -1.0 -1.0 -1.0 -1.0 -1.0 -1.0 -1.0 -1.0 -1.0 -1.0 -1.0 
98.0 98.0 98.0 98.0 98.0 98.0 98.0 98.0 98.0 98.0 98.0 98.0 98.0 98.0 98.0 
98.0 106.04 0.0 0.0 106.08 106.08 0.0 0.0 106.08 106.08 0.0 0.0 0.0 0.0 98.0 
98.0 106.04 0.0 0.0 106.08 106.08 0.0 0.0 0.0 106.08 0.0 0.0 0.0 0.0 98.0 
98.0 106.04 0.0 0.0 106.08 0.0 0.0 0.0 0.0 106.08 106.08 106.08 0.0 0.0 98.0 
98.0 106.04 0.0 0.0 106.08 0.0 0.0 0.0 0.0 0.0 106.08 106.08 0.0 0.0 98.0 
98.0 98.01 98.01 98.01 98.01 98.01 98.01 98.01 98.01 98.01 98.01 98.01 0.0 98.01 98.0 
98.0 98.01 98.01 98.01 98.01 98.01 98.01 98.01 98.01 98.01 98.01 98.01 98.01 98.01 98.0 
98.0 0.0 0.0 106.01 98.01 25.0 94.0 55.15 94.0 55.14 55.15 94.0 55.13 98.01 98.0 
98.0 0.0 106.08 106.01 98.01 0.0 98.01 98.01 98.01 98.01 98.01 98.01 98.01 98.01 98.0 
98.0 0.0 106.08 106.01 98.01 98.01 98.01 98.01 98.01 98.01 98.01 98.01 98.01 98.01 98.0 
98.0 98.0 98.0 98.0 98.0 98.0 98.0 98.0 98.0 98.0 98.0 98.0 98.0 98.0 98.0 
98.0 301.03 0.0 0.0 106.08 0.0 0.0 0.0 0.0 98.01 98.01 98.01 109.03 106.1 98.0 
98.0 0.0 0.0 106.08 106.08 106.08 0.0 0.0 106.01 98.01 98.01 109.03 106.02 106.02 98.0 
98.0 0.0 0.0 106.08 106.08 106.08 0.0 0.0 106.01 98.01 109.03 0.0 106.02 106.02 98.0 
98.0 98.0 98.0 98.0 98.01 98.0 98.01 98.0 98.0 109.03 0.0 0.0 106.02 106.02 98.0 
-1.0 -1.0 0.0 0.0 0.0 0.0 0.0 0.0 0.0 0.0 0.0 0.0 0.0 0.0 -1.0 
-1.0 -1.0 -1.0 0.0 0.0 0.0 0.0 0.0 0.0 0.0 0.0 0.0 0.0 0.0 -1.0 
-1.0 -1.0 -1.0 -1.0 0.0 0.0 0.0 0.0 0.0 0.0 -1.0 -1.0 -1.0 -1.0 -1.0 
-1.0 -1.0 -1.0 -1.0 -1.0 -1.0 0.0 -1.0 -1.0 -1.0 -1.0 -1.0 -1.0 -1.0 -1.0 
-1.0 -1.0 -1.0 -1.0 -1.0 -1.0 -1.0 -1.0 -1.0 -1.0 -1.0 -1.0 -1.0 -1.0 -1.0 
98.0 98.0 98.0 98.0 98.0 98.0 98.0 98.0 98.0 98.0 98.0 98.0 98.0 98.0 98.0 
98.0 98.0 98.0 98.0 98.0 98.0 98.0 98.0 98.0 98.0 98.0 98.0 98.0 98.0 98.0 
98.0 98.0 98.01 98.01 98.0 98.0 98.0 98.0 98.0 98.0 98.0 98.0 98.0 98.0 98.0 
98.0 98.0 98.0 98.0 98.0 98.01 98.0 98.0 98.0 98.0 98.0 98.0 98.0 98.0 98.0 
98.0 98.0 98.0 98.0 98.0 98.0 98.0 98.0 98.0 98.01 98.0 98.0 98.0 98.0 98.0 
98.0 98.0 98.0 98.0 98.0 98.0 98.01 98.0 98.0 98.01 98.0 98.0 98.0 98.0 98.0 
98.0 98.01 98.0 98.0 98.01 98.0 98.0 98.0 98.0 98.0 98.0 98.0 98.0 98.0 98.0 
98.0 98.0 98.0 98.0 98.01 98.0 98.01 98.0 98.01 98.01 98.0 98.01 98.0 98.0 98.0 
98.0 98.01 98.0 98.01 98.0 98.0 98.01 98.0 98.01 98.0 98.0 98.01 98.01 98.0 98.0 
98.0 98.0 98.0 98.01 98.0 98.01 98.0 98.0 98.01 98.0 98.01 98.0 98.0 98.0 98.0 
98.0 98.0 98.0 98.0 98.0 98.01 98.0 98.0 98.0 98.0 98.0 98.0 98.0 98.0 98.0 
98.0 98.01 98.01 98.01 98.0 98.01 98.0 98.0 98.0 98.0 98.0 98.0 98.0 98.01 98.0 
98.0 98.0 98.0 98.0 98.0 98.01 98.0 98.01 98.0 98.0 98.0 98.0 98.0 98.0 98.0 
98.0 98.0 98.0 98.01 98.0 98.0 98.01 98.0 98.0 98.0 98.0 98.0 98.0 98.01 98.0 
98.0 98.0 98.0 98.0 98.0 98.0 98.0 98.0 98.0 98.0 98.0 98.0 98.0 98.0 98.0 
-1.0 -1.0 -1.0 -1.0 -1.0 -1.0 -1.0 -1.0 -1.0 -1.0 -1.0 -1.0 -1.0 -1.0 -1.0 
-1.0 -1.0 -1.0 -1.0 -1.0 -1.0 -1.0 -1.0 -1.0 -1.0 -1.0 -1.0 -1.0 -1.0 -1.0 
-1.0 -1.0 -1.0 -1.0 -1.0 -1.0 -1.0 -1.0 -1.0 -1.0 -1.0 -1.0 -1.0 -1.0 -1.0 
-1.0 -1.0 -1.0 -1.0 -1.0 -1.0 -1.0 -1.0 -1.0 -1.0 -1.0 -1.0 -1.0 -1.0 -1.0 
