#Exporter v1.0
15 
20
15
-1.0 -1.0 -1.0 -1.0 -1.0 -1.0 -1.0 -1.0 -1.0 -1.0 -1.0 -1.0 -1.0 -1.0 -1.0 
-1.0 -1.0 -1.0 -1.0 -1.0 -1.0 -1.0 -1.0 -1.0 -1.0 -1.0 -1.0 -1.0 -1.0 -1.0 
-1.0 -1.0 -1.0 -1.0 -1.0 -1.0 -1.0 -1.0 -1.0 -1.0 -1.0 -1.0 -1.0 -1.0 -1.0 
-1.0 -1.0 -1.0 -1.0 -1.0 -1.0 -1.0 -1.0 -1.0 -1.0 -1.0 -1.0 -1.0 -1.0 -1.0 
-1.0 -1.0 -1.0 -1.0 -1.0 -1.0 -1.0 -1.0 -1.0 -1.0 -1.0 -1.0 -1.0 -1.0 -1.0 
-1.0 -1.0 -1.0 -1.0 -1.0 -1.0 -1.0 -1.0 -1.0 -1.0 -1.0 -1.0 -1.0 -1.0 -1.0 
-1.0 -1.0 -1.0 -1.0 -1.0 -1.0 -1.0 -1.0 -1.0 -1.0 -1.0 -1.0 -1.0 -1.0 -1.0 
-1.0 -1.0 -1.0 -1.0 -1.0 -1.0 -1.0 -1.0 -1.0 -1.0 -1.0 -1.0 -1.0 -1.0 -1.0 
-1.0 -1.0 -1.0 -1.0 -1.0 -1.0 -1.0 -1.0 -1.0 -1.0 -1.0 -1.0 -1.0 -1.0 -1.0 
-1.0 -1.0 -1.0 -1.0 -1.0 -1.0 -1.0 -1.0 -1.0 -1.0 -1.0 -1.0 -1.0 -1.0 -1.0 
-1.0 -1.0 -1.0 -1.0 -1.0 -1.0 -1.0 -1.0 -1.0 -1.0 -1.0 -1.0 -1.0 -1.0 -1.0 
-1.0 -1.0 -1.0 -1.0 -1.0 -1.0 -1.0 -1.0 -1.0 -1.0 -1.0 -1.0 -1.0 -1.0 -1.0 
-1.0 -1.0 -1.0 -1.0 -1.0 -1.0 -1.0 -1.0 -1.0 -1.0 -1.0 -1.0 -1.0 -1.0 -1.0 
-1.0 -1.0 -1.0 -1.0 -1.0 -1.0 -1.0 -1.0 -1.0 -1.0 -1.0 -1.0 -1.0 -1.0 -1.0 
-1.0 -1.0 -1.0 -1.0 -1.0 -1.0 -1.0 -1.0 -1.0 -1.0 -1.0 -1.0 -1.0 -1.0 -1.0 
-1.0 -1.0 -1.0 -1.0 -1.0 -1.0 -1.0 -1.0 -1.0 -1.0 -1.0 -1.0 -1.0 -1.0 -1.0 
-1.0 -1.0 -1.0 -1.0 -1.0 -1.0 -1.0 -1.0 -1.0 -1.0 -1.0 -1.0 -1.0 -1.0 -1.0 
-1.0 -1.0 -1.0 -1.0 -1.0 -1.0 -1.0 -1.0 -1.0 -1.0 -1.0 -1.0 -1.0 -1.0 -1.0 
-1.0 -1.0 -1.0 -1.0 -1.0 -1.0 -1.0 0.0 0.0 -1.0 -1.0 -1.0 -1.0 -1.0 -1.0 
-1.0 -1.0 -1.0 -1.0 -1.0 0.0 0.0 0.0 0.0 0.0 -1.0 -1.0 -1.0 -1.0 -1.0 
-1.0 -1.0 -1.0 -1.0 -1.0 -1.0 -1.0 -1.0 -1.0 -1.0 -1.0 -1.0 -1.0 -1.0 -1.0 
-1.0 -1.0 -1.0 -1.0 -1.0 -1.0 -1.0 -1.0 -1.0 -1.0 -1.0 -1.0 -1.0 -1.0 -1.0 
-1.0 -1.0 -1.0 -1.0 -1.0 -1.0 -1.0 -1.0 -1.0 -1.0 -1.0 -1.0 -1.0 -1.0 -1.0 
-1.0 -1.0 -1.0 -1.0 -1.0 -1.0 -1.0 -1.0 -1.0 -1.0 -1.0 -1.0 -1.0 -1.0 -1.0 
-1.0 -1.0 -1.0 -1.0 -1.0 -1.0 1.0 1.0 -1.0 -1.0 -1.0 -1.0 -1.0 -1.0 -1.0 
-1.0 -1.0 -1.0 -1.0 -1.0 -1.0 1.0 1.0 -1.0 -1.0 -1.0 -1.0 -1.0 -1.0 -1.0 
-1.0 -1.0 -1.0 -1.0 -1.0 -1.0 1.0 1.0 -1.0 -1.0 -1.0 -1.0 -1.0 -1.0 -1.0 
-1.0 -1.0 -1.0 -1.0 -1.0 -1.0 -1.0 -1.0 -1.0 -1.0 -1.0 -1.0 -1.0 -1.0 -1.0 
-1.0 -1.0 -1.0 -1.0 -1.0 -1.0 1.0 1.0 1.0 -1.0 -1.0 -1.0 -1.0 -1.0 -1.0 
-1.0 -1.0 -1.0 -1.0 -1.0 -1.0 1.0 1.0 1.0 -1.0 -1.0 -1.0 -1.0 -1.0 -1.0 
-1.0 -1.0 -1.0 -1.0 -1.0 -1.0 1.0 1.0 1.0 -1.0 -1.0 -1.0 -1.0 -1.0 -1.0 
-1.0 -1.0 -1.0 -1.0 -1.0 1.0 1.0 1.0 1.0 1.0 -1.0 -1.0 -1.0 -1.0 -1.0 
-1.0 -1.0 -1.0 -1.0 -1.0 1.0 1.0 1.0 1.0 1.0 -1.0 -1.0 -1.0 -1.0 -1.0 
-1.0 -1.0 -1.0 -1.0 -1.0 1.0 1.0 1.0 1.0 1.0 -1.0 -1.0 -1.0 -1.0 -1.0 
-1.0 -1.0 -1.0 -1.0 -1.0 1.0 1.0 1.0 1.0 0.0 1.0 -1.0 -1.0 -1.0 -1.0 
-1.0 -1.0 -1.0 -1.0 -1.0 -1.0 -1.0 -1.0 -1.0 -1.0 -1.0 -1.0 -1.0 -1.0 -1.0 
-1.0 -1.0 -1.0 -1.0 1.0 -1.0 -1.0 -1.0 -1.0 -1.0 2.0 -1.0 -1.0 -1.0 -1.0 
-1.0 -1.0 -1.0 -1.0 -1.0 -1.0 -1.0 -1.0 -1.0 2.0 0.0 2.0 2.0 -1.0 -1.0 
-1.0 -1.0 -1.0 1.0 1.0 97.0 97.0 0.0 2.0 0.0 0.0 0.0 0.0 -1.0 -1.0 
-1.0 -1.0 1.0 2.0 2.0 2.0 2.0 0.0 0.0 0.0 0.0 0.0 0.0 -1.0 -1.0 
-1.0 -1.0 -1.0 -1.0 0.0 0.0 -1.0 -1.0 -1.0 -1.0 -1.0 0.0 0.0 -1.0 -1.0 
-1.0 -1.0 -1.0 -1.0 -1.0 -1.0 -1.0 -1.0 -1.0 -1.0 -1.0 -1.0 -1.0 -1.0 -1.0 
-1.0 -1.0 -1.0 -1.0 -1.0 -1.0 -1.0 -1.0 -1.0 -1.0 -1.0 -1.0 -1.0 -1.0 -1.0 
-1.0 -1.0 -1.0 -1.0 -1.0 -1.0 1.0 1.0 1.0 -1.0 -1.0 -1.0 -1.0 -1.0 -1.0 
-1.0 -1.0 -1.0 -1.0 -1.0 1.0 0.0 0.0 1.0 1.0 -1.0 -1.0 -1.0 -1.0 -1.0 
-1.0 -1.0 -1.0 -1.0 1.0 1.0 0.0 0.0 1.0 1.0 -1.0 -1.0 -1.0 -1.0 -1.0 
-1.0 -1.0 -1.0 -1.0 1.0 0.0 0.0 0.0 1.0 1.0 -1.0 -1.0 -1.0 -1.0 -1.0 
-1.0 -1.0 -1.0 -1.0 1.0 1.0 1.0 1.0 1.0 1.0 -1.0 -1.0 -1.0 -1.0 -1.0 
-1.0 -1.0 -1.0 0.0 1.0 0.0 0.0 0.0 0.0 1.0 1.0 -1.0 -1.0 -1.0 -1.0 
-1.0 -1.0 -1.0 0.0 1.0 98.01 98.01 98.01 98.01 1.0 1.0 -1.0 -1.0 -1.0 -1.0 
-1.0 -1.0 -1.0 0.0 1.0 0.0 0.0 0.0 0.0 1.0 1.0 -1.0 -1.0 -1.0 -1.0 
-1.0 -1.0 -1.0 -1.0 1.0 0.0 0.0 0.0 0.0 0.0 1.0 -1.0 -1.0 -1.0 -1.0 
-1.0 -1.0 -1.0 -1.0 1.0 0.0 0.0 0.0 0.0 0.0 1.0 1.0 -1.0 -1.0 -1.0 
-1.0 -1.0 -1.0 -1.0 1.0 0.0 0.0 0.0 0.0 0.0 1.0 1.0 -1.0 -1.0 -1.0 
-1.0 -1.0 -1.0 1.0 1.0 0.0 0.0 0.0 0.0 0.0 0.0 1.0 -1.0 -1.0 -1.0 
-1.0 -1.0 -1.0 1.0 1.0 1.0 1.0 -1.0 1.0 1.0 1.0 1.0 1.0 -1.0 -1.0 
-1.0 -1.0 1.0 1.0 0.0 1.0 1.0 -1.0 1.0 0.0 2.0 2.0 1.0 -1.0 -1.0 
-1.0 -1.0 1.0 1.0 1.0 1.0 -1.0 -1.0 1.0 2.0 0.0 0.0 2.0 -1.0 -1.0 
-1.0 1.0 1.0 2.0 2.0 2.0 97.0 97.0 2.0 0.0 0.0 0.0 0.0 -1.0 -1.0 
-1.0 3.0 3.0 0.0 0.0 0.0 2.0 2.0 0.0 0.0 0.0 0.0 0.0 0.0 -1.0 
-1.0 -1.0 -1.0 0.0 0.0 0.0 -1.0 -1.0 -1.0 -1.0 -1.0 0.0 0.0 -1.0 -1.0 
-1.0 -1.0 -1.0 -1.0 -1.0 -1.0 -1.0 -1.0 -1.0 -1.0 -1.0 -1.0 -1.0 -1.0 -1.0 
-1.0 -1.0 -1.0 -1.0 -1.0 -1.0 1.0 1.0 -1.0 -1.0 -1.0 -1.0 -1.0 -1.0 -1.0 
-1.0 1.0 1.0 -1.0 1.0 1.0 0.0 0.0 1.0 -1.0 -1.0 -1.0 -1.0 -1.0 -1.0 
-1.0 1.0 0.0 1.0 1.0 0.0 0.0 0.0 0.0 1.0 -1.0 -1.0 -1.0 -1.0 -1.0 
1.0 1.0 -1.0 1.0 0.0 0.0 0.0 0.0 0.0 1.0 -1.0 -1.0 -1.0 -1.0 -1.0 
1.0 1.0 -1.0 1.0 0.0 0.0 0.0 0.0 0.0 0.0 1.0 -1.0 -1.0 -1.0 -1.0 
-1.0 -1.0 -1.0 1.0 0.0 0.0 0.0 0.0 0.0 0.0 1.0 -1.0 -1.0 -1.0 -1.0 
-1.0 -1.0 -1.0 1.0 0.0 0.0 0.0 0.0 0.0 0.0 1.0 -1.0 -1.0 -1.0 -1.0 
-1.0 -1.0 1.0 1.0 98.01 98.01 98.01 98.01 98.01 98.01 1.0 -1.0 -1.0 -1.0 -1.0 
-1.0 -1.0 1.0 1.0 0.0 0.0 0.0 0.0 0.0 0.0 0.0 1.0 -1.0 -1.0 -1.0 
-1.0 -1.0 1.0 1.0 0.0 0.0 0.0 0.0 0.0 0.0 0.0 1.0 -1.0 -1.0 -1.0 
-1.0 -1.0 1.0 1.0 0.0 0.0 0.0 0.0 0.0 0.0 0.0 1.0 -1.0 -1.0 -1.0 
-1.0 -1.0 1.0 1.0 0.0 0.0 0.0 0.0 0.0 0.0 0.0 50.04 1.0 -1.0 -1.0 
-1.0 -1.0 1.0 0.0 0.0 0.0 0.0 0.0 0.0 0.0 0.0 0.0 1.0 -1.0 -1.0 
-1.0 -1.0 1.0 1.0 1.0 1.0 1.0 1.0 1.0 1.0 1.0 1.0 1.0 -1.0 -1.0 
-1.0 1.0 0.0 0.0 0.0 0.0 3.0 1.0 3.0 3.0 2.0 2.0 1.0 -1.0 -1.0 
-1.0 1.0 1.0 1.0 1.0 1.0 1.0 -1.0 1.0 2.0 0.0 0.0 2.0 -1.0 -1.0 
-1.0 2.0 2.0 2.0 2.0 2.0 2.0 1.0 2.0 0.0 0.0 0.0 0.0 2.0 -1.0 
-1.0 0.0 0.0 0.0 0.0 0.0 0.0 2.0 0.0 0.0 0.0 0.0 0.0 0.0 -1.0 
-1.0 -1.0 0.0 0.0 0.0 0.0 0.0 0.0 -1.0 -1.0 0.0 0.0 -1.0 -1.0 -1.0 
-1.0 -1.0 -1.0 -1.0 -1.0 -1.0 -1.0 -1.0 -1.0 -1.0 -1.0 -1.0 -1.0 -1.0 -1.0 
-1.0 -1.0 -1.0 -1.0 1.0 1.0 1.0 1.0 1.0 -1.0 -1.0 -1.0 -1.0 -1.0 -1.0 
1.0 1.0 1.0 89.0 0.0 50.05 0.0 0.0 0.0 1.0 1.0 -1.0 -1.0 -1.0 -1.0 
1.0 1.0 1.0 0.0 0.0 0.0 0.0 0.0 0.0 0.0 1.0 -1.0 -1.0 -1.0 -1.0 
1.0 0.0 1.0 0.0 0.0 0.0 0.0 0.0 0.0 0.0 1.0 -1.0 -1.0 -1.0 -1.0 
1.0 0.0 1.0 0.0 0.0 0.0 0.0 0.0 0.0 0.0 1.0 -1.0 -1.0 -1.0 -1.0 
-1.0 1.0 1.0 0.0 0.0 0.0 0.0 0.0 0.0 0.0 1.0 -1.0 -1.0 -1.0 -1.0 
-1.0 1.0 1.0 0.0 0.0 0.0 0.0 0.0 0.0 0.0 0.0 1.0 -1.0 -1.0 -1.0 
-1.0 1.0 1.0 98.01 98.01 98.01 98.01 98.01 98.01 98.01 98.01 1.0 -1.0 -1.0 -1.0 
-1.0 1.0 0.0 0.0 0.0 0.0 0.0 0.0 0.0 0.0 0.0 1.0 -1.0 -1.0 -1.0 
-1.0 1.0 0.0 0.0 0.0 0.0 0.0 0.0 0.0 0.0 0.0 0.0 1.0 -1.0 -1.0 
-1.0 1.0 0.0 0.0 0.0 0.0 0.0 0.0 0.0 0.0 0.0 0.0 1.0 -1.0 -1.0 
-1.0 1.0 50.03 0.0 0.0 0.0 0.0 0.0 0.0 0.0 0.0 0.0 1.0 -1.0 -1.0 
-1.0 1.0 0.0 0.0 0.0 0.0 0.0 0.0 0.0 0.0 0.0 1.0 1.0 -1.0 -1.0 
-1.0 1.0 1.0 1.0 1.0 1.0 1.0 1.0 1.0 1.0 1.0 2.0 1.0 -1.0 -1.0 
-1.0 1.0 3.0 3.0 3.0 3.0 3.0 3.0 3.0 2.0 2.0 0.0 2.0 1.0 -1.0 
-1.0 2.0 1.0 2.0 2.0 2.0 1.0 1.0 2.0 0.0 0.0 0.0 0.0 2.0 -1.0 
-1.0 0.0 2.0 0.0 0.0 0.0 2.0 2.0 0.0 0.0 0.0 0.0 0.0 0.0 -1.0 
-1.0 0.0 0.0 0.0 0.0 0.0 0.0 0.0 0.0 0.0 0.0 0.0 0.0 0.0 -1.0 
-1.0 -1.0 -1.0 0.0 0.0 0.0 0.0 0.0 0.0 -1.0 0.0 -1.0 -1.0 -1.0 -1.0 
-1.0 -1.0 -1.0 -1.0 -1.0 -1.0 -1.0 -1.0 -1.0 -1.0 -1.0 -1.0 -1.0 -1.0 -1.0 
-1.0 -1.0 -1.0 1.0 1.0 46.0 1.0 1.0 1.0 1.0 -1.0 -1.0 -1.0 -1.0 -1.0 
1.0 1.0 1.0 1.0 98.01 98.01 0.0 0.0 0.0 0.0 1.0 -1.0 -1.0 -1.0 -1.0 
1.0 1.0 98.01 98.01 98.01 70.0 0.0 0.0 0.0 0.0 1.0 -1.0 -1.0 -1.0 -1.0 
-1.0 1.0 46.0 98.01 0.0 0.0 0.0 0.0 0.0 0.0 1.0 -1.0 -1.0 -1.0 -1.0 
-1.0 1.0 98.01 0.0 0.0 0.0 0.0 0.0 0.0 0.0 0.0 1.0 -1.0 -1.0 -1.0 
-1.0 1.0 70.0 0.0 0.0 0.0 0.0 0.0 0.0 0.0 0.0 1.0 -1.0 -1.0 -1.0 
-1.0 0.0 0.0 0.0 0.0 0.0 0.0 0.0 0.0 0.0 0.0 1.0 -1.0 -1.0 -1.0 
-1.0 1.0 0.0 98.01 98.01 98.01 98.01 98.01 98.01 98.01 98.01 98.01 1.0 -1.0 -1.0 
-1.0 1.0 96.01 0.0 0.0 0.0 0.0 0.0 0.0 0.0 0.0 0.0 1.0 -1.0 -1.0 
-1.0 1.0 0.0 0.0 0.0 0.0 0.0 0.0 0.0 0.0 0.0 0.0 1.0 -1.0 -1.0 
-1.0 1.0 0.0 0.0 0.0 0.0 0.0 0.0 0.0 0.0 0.0 0.0 1.0 -1.0 -1.0 
-1.0 1.0 0.0 0.0 0.0 0.0 0.0 0.0 0.0 0.0 0.0 0.0 0.0 1.0 -1.0 
-1.0 1.0 0.0 0.0 0.0 0.0 0.0 0.0 0.0 0.0 0.0 1.0 1.0 1.0 -1.0 
-1.0 1.0 1.0 1.0 1.0 1.0 1.0 1.0 1.0 1.0 1.0 2.0 2.0 1.0 -1.0 
-1.0 2.0 3.0 2.0 2.0 2.0 3.0 3.0 2.0 2.0 2.0 0.0 0.0 2.0 -1.0 
-1.0 0.0 2.0 0.0 0.0 0.0 2.0 2.0 0.0 37.0 0.0 0.0 0.0 0.0 -1.0 
-1.0 0.0 0.0 0.0 0.0 0.0 0.0 0.0 0.0 0.0 0.0 0.0 0.0 0.0 -1.0 
-1.0 0.0 0.0 0.0 0.0 0.0 0.0 0.0 0.0 0.0 0.0 0.0 0.0 0.0 0.0 
-1.0 -1.0 -1.0 -1.0 0.0 0.0 0.0 0.0 0.0 -1.0 -1.0 -1.0 -1.0 -1.0 -1.0 
-1.0 -1.0 -1.0 -1.0 -1.0 -1.0 -1.0 -1.0 -1.0 -1.0 -1.0 -1.0 -1.0 -1.0 -1.0 
-1.0 -1.0 1.0 1.0 1.0 1.0 1.0 1.0 1.0 1.0 1.0 -1.0 -1.0 -1.0 -1.0 
1.0 1.0 1.0 0.0 0.0 0.0 0.0 0.0 0.0 0.0 301.02 1.0 -1.0 -1.0 -1.0 
1.0 1.0 0.0 0.0 0.0 0.0 0.0 0.0 0.0 0.0 0.0 1.0 -1.0 -1.0 -1.0 
-1.0 1.0 89.0 0.0 0.0 0.0 0.0 0.0 0.0 0.0 0.0 1.0 -1.0 -1.0 -1.0 
-1.0 1.0 0.0 0.0 0.0 0.0 0.0 0.0 0.0 0.0 0.0 1.0 -1.0 -1.0 -1.0 
-1.0 1.0 98.01 0.0 0.0 0.0 0.0 0.0 0.0 0.0 0.0 0.0 1.0 -1.0 -1.0 
-1.0 1.0 0.0 0.0 0.0 0.0 0.0 0.0 0.0 0.0 0.0 0.0 1.0 -1.0 -1.0 
-1.0 1.0 0.0 98.01 98.01 98.01 98.01 98.01 98.01 98.01 98.01 98.01 1.0 -1.0 -1.0 
-1.0 1.0 96.01 0.0 0.0 302.0 0.0 0.0 0.0 0.0 0.0 0.0 1.0 -1.0 -1.0 
-1.0 1.0 0.0 0.0 0.0 0.0 0.0 0.0 0.0 0.0 0.0 0.0 1.0 -1.0 -1.0 
-1.0 1.0 0.0 0.0 0.0 0.0 0.0 0.0 0.0 0.0 0.0 0.0 0.0 1.0 -1.0 
-1.0 1.0 0.0 0.0 0.0 0.0 0.0 0.0 0.0 0.0 0.0 1.0 1.0 1.0 -1.0 
-1.0 0.0 0.0 0.0 0.0 0.0 0.0 0.0 0.0 0.0 0.0 0.0 2.0 2.0 -1.0 
-1.0 1.0 1.0 1.0 1.0 1.0 1.0 1.0 1.0 1.0 1.0 2.0 0.0 0.0 -1.0 
-1.0 2.0 2.0 2.0 2.0 2.0 2.0 2.0 2.0 2.0 2.0 0.0 0.0 0.0 -1.0 
-1.0 0.0 0.0 0.0 37.0 0.0 0.0 0.0 0.0 0.0 0.0 0.0 0.0 0.0 -1.0 
-1.0 0.0 0.0 0.0 0.0 0.0 0.0 0.0 0.0 0.0 0.0 0.0 0.0 0.0 0.0 
0.0 0.0 0.0 0.0 0.0 0.0 0.0 0.0 0.0 0.0 0.0 0.0 0.0 0.0 0.0 
-1.0 -1.0 -1.0 0.0 0.0 -1.0 0.0 0.0 0.0 -1.0 -1.0 -1.0 -1.0 -1.0 -1.0 
-1.0 -1.0 -1.0 -1.0 -1.0 -1.0 -1.0 -1.0 -1.0 -1.0 -1.0 -1.0 -1.0 -1.0 -1.0 
-1.0 -1.0 1.0 1.0 1.0 1.0 1.0 1.0 1.0 1.0 1.0 -1.0 -1.0 -1.0 -1.0 
-1.0 1.0 1.0 0.0 0.0 0.0 0.0 0.0 0.0 0.0 301.02 1.0 -1.0 -1.0 -1.0 
-1.0 1.0 0.0 0.0 0.0 0.0 0.0 0.0 0.0 0.0 0.0 1.0 -1.0 -1.0 -1.0 
-1.0 1.0 0.0 0.0 0.0 0.0 0.0 0.0 0.0 0.0 0.0 1.0 -1.0 -1.0 -1.0 
-1.0 1.0 0.0 0.0 0.0 0.0 0.0 0.0 0.0 0.0 0.0 0.0 1.0 -1.0 -1.0 
-1.0 1.0 0.0 0.0 0.0 0.0 0.0 0.0 0.0 0.0 0.0 89.0 1.0 -1.0 -1.0 
-1.0 1.0 98.01 0.0 0.0 0.0 0.0 0.0 0.0 0.0 0.0 0.0 1.0 -1.0 -1.0 
-1.0 1.0 0.0 98.01 98.01 98.01 98.01 98.01 98.01 98.01 98.01 98.01 1.0 -1.0 -1.0 
-1.0 1.0 0.0 0.0 0.0 0.0 0.0 0.0 0.0 0.0 0.0 0.0 1.0 -1.0 -1.0 
-1.0 1.0 0.0 0.0 0.0 0.0 0.0 0.0 0.0 0.0 0.0 0.0 1.0 1.0 -1.0 
-1.0 1.0 0.0 0.0 0.0 0.0 0.0 0.0 0.0 0.0 0.0 98.01 1.0 1.0 -1.0 
-1.0 1.0 0.0 0.0 0.0 0.0 0.0 0.0 0.0 0.0 0.0 0.0 2.0 1.0 -1.0 
-1.0 1.0 0.0 0.0 0.0 0.0 0.0 0.0 0.0 0.0 0.0 0.0 0.0 1.0 -1.0 
-1.0 1.0 1.0 1.0 1.0 1.0 1.0 1.0 1.0 1.0 97.0 0.0 0.0 2.0 -1.0 
-1.0 2.0 2.0 2.0 2.0 2.0 2.0 2.0 2.0 2.0 2.0 0.0 0.0 0.0 -1.0 
-1.0 0.0 0.0 0.0 0.0 0.0 38.0 0.0 0.0 38.0 0.0 0.0 0.0 0.0 0.0 
0.0 0.0 0.0 0.0 0.0 0.0 0.0 0.0 0.0 0.0 0.0 0.0 0.0 0.0 0.0 
0.0 0.0 0.0 0.0 0.0 0.0 0.0 0.0 0.0 0.0 0.0 0.0 0.0 0.0 0.0 
-1.0 -1.0 -1.0 1.0 -1.0 -1.0 -1.0 -1.0 0.0 0.0 -1.0 -1.0 -1.0 -1.0 -1.0 
-1.0 -1.0 -1.0 -1.0 -1.0 -1.0 -1.0 -1.0 -1.0 -1.0 -1.0 -1.0 -1.0 -1.0 -1.0 
-1.0 1.0 1.0 1.0 1.0 1.0 1.0 1.0 1.0 1.0 -1.0 -1.0 -1.0 -1.0 -1.0 
-1.0 1.0 1.0 0.0 0.0 0.0 0.0 0.0 0.0 0.0 1.0 -1.0 -1.0 -1.0 -1.0 
-1.0 1.0 1.0 0.0 0.0 0.0 0.0 0.0 0.0 0.0 1.0 -1.0 -1.0 -1.0 -1.0 
-1.0 1.0 1.0 0.0 0.0 0.0 0.0 0.0 0.0 0.0 0.0 1.0 -1.0 -1.0 -1.0 
-1.0 1.0 1.0 0.0 0.0 0.0 0.0 0.0 0.0 0.0 0.0 1.0 -1.0 -1.0 -1.0 
-1.0 0.0 1.0 0.0 0.0 0.0 0.0 0.0 0.0 0.0 0.0 1.0 -1.0 -1.0 -1.0 
-1.0 -1.0 1.0 0.0 0.0 0.0 0.0 0.0 0.0 0.0 0.0 0.0 1.0 -1.0 -1.0 
-1.0 1.0 98.01 98.01 98.01 98.01 98.01 98.01 98.01 98.01 98.01 98.01 1.0 -1.0 -1.0 
-1.0 1.0 0.0 0.0 0.0 0.0 0.0 0.0 0.0 0.0 0.0 0.0 1.0 -1.0 -1.0 
-1.0 1.0 0.0 0.0 0.0 0.0 0.0 0.0 0.0 0.0 0.0 98.01 1.0 -1.0 -1.0 
-1.0 1.0 0.0 0.0 0.0 0.0 0.0 0.0 0.0 0.0 0.0 0.0 1.0 -1.0 -1.0 
-1.0 1.0 0.0 0.0 0.0 0.0 0.0 0.0 0.0 0.0 0.0 0.0 1.0 1.0 -1.0 
-1.0 1.0 0.0 0.0 0.0 0.0 0.0 0.0 0.0 0.0 0.0 0.0 0.0 1.0 -1.0 
-1.0 1.0 1.0 1.0 1.0 1.0 1.0 1.0 1.0 1.0 1.0 97.0 97.0 0.0 -1.0 
-1.0 1.0 2.0 2.0 2.0 2.0 2.0 2.0 2.0 2.0 2.0 0.0 2.0 0.0 -1.0 
-1.0 2.0 0.0 0.0 0.0 0.0 91.0 0.0 0.0 0.0 0.0 0.0 0.0 0.0 -1.0 
-1.0 0.0 0.0 0.0 0.0 0.0 0.0 0.0 0.0 0.0 0.0 0.0 0.0 0.0 -1.0 
0.0 0.0 0.0 0.0 0.0 0.0 0.0 0.0 0.0 0.0 0.0 0.0 0.0 0.0 0.0 
-1.0 -1.0 -1.0 -1.0 -1.0 -1.0 -1.0 -1.0 0.0 0.0 0.0 -1.0 -1.0 -1.0 -1.0 
-1.0 -1.0 -1.0 -1.0 -1.0 -1.0 -1.0 -1.0 -1.0 -1.0 -1.0 -1.0 -1.0 -1.0 -1.0 
-1.0 -1.0 -1.0 1.0 1.0 1.0 1.0 1.0 1.0 -1.0 -1.0 -1.0 -1.0 -1.0 -1.0 
-1.0 -1.0 -1.0 1.0 0.0 0.0 0.0 0.0 0.0 1.0 -1.0 -1.0 -1.0 -1.0 -1.0 
-1.0 -1.0 -1.0 1.0 0.0 0.0 0.0 0.0 0.0 0.0 1.0 -1.0 -1.0 -1.0 -1.0 
-1.0 -1.0 -1.0 1.0 0.0 0.0 0.0 0.0 0.0 0.0 1.0 -1.0 -1.0 -1.0 -1.0 
-1.0 -1.0 -1.0 1.0 0.0 0.0 0.0 0.0 0.0 0.0 1.0 -1.0 -1.0 -1.0 -1.0 
-1.0 -1.0 -1.0 1.0 0.0 0.0 0.0 0.0 0.0 0.0 0.0 1.0 -1.0 -1.0 -1.0 
-1.0 -1.0 1.0 0.0 0.0 0.0 0.0 0.0 0.0 0.0 0.0 1.0 -1.0 -1.0 -1.0 
-1.0 -1.0 1.0 98.01 98.01 98.01 98.01 98.01 98.01 98.01 98.01 1.0 -1.0 -1.0 -1.0 
-1.0 -1.0 1.0 0.0 0.0 0.0 0.0 0.0 0.0 0.0 0.0 98.01 1.0 -1.0 -1.0 
-1.0 -1.0 1.0 0.0 0.0 0.0 0.0 0.0 0.0 0.0 0.0 0.0 1.0 -1.0 -1.0 
-1.0 -1.0 1.0 0.0 0.0 0.0 0.0 0.0 0.0 0.0 0.0 0.0 1.0 -1.0 -1.0 
-1.0 1.0 50.03 0.0 0.0 0.0 0.0 0.0 0.0 0.0 0.0 50.04 1.0 -1.0 -1.0 
-1.0 1.0 0.0 0.0 0.0 0.0 0.0 0.0 0.0 0.0 0.0 0.0 1.0 -1.0 -1.0 
-1.0 1.0 1.0 1.0 1.0 1.0 1.0 1.0 1.0 1.0 1.0 1.0 1.0 97.0 -1.0 
-1.0 1.0 1.0 2.0 2.0 2.0 2.0 3.0 2.0 2.0 2.0 2.0 2.0 97.0 -1.0 
-1.0 1.0 2.0 0.0 0.0 37.0 0.0 300.01 0.0 0.0 0.0 0.0 0.0 2.0 -1.0 
-1.0 2.0 0.0 0.0 0.0 0.0 0.0 0.0 0.0 0.0 0.0 0.0 0.0 0.0 -1.0 
0.0 0.0 0.0 0.0 0.0 0.0 0.0 0.0 0.0 0.0 0.0 0.0 0.0 0.0 -1.0 
-1.0 -1.0 -1.0 1.0 0.0 0.0 -1.0 0.0 0.0 0.0 0.0 0.0 0.0 0.0 0.0 
-1.0 -1.0 -1.0 -1.0 -1.0 -1.0 -1.0 -1.0 -1.0 -1.0 -1.0 -1.0 -1.0 -1.0 -1.0 
-1.0 -1.0 -1.0 -1.0 1.0 1.0 1.0 1.0 -1.0 -1.0 -1.0 -1.0 -1.0 -1.0 -1.0 
-1.0 -1.0 -1.0 1.0 1.0 0.0 0.0 0.0 1.0 -1.0 -1.0 -1.0 -1.0 -1.0 -1.0 
-1.0 -1.0 -1.0 1.0 0.0 0.0 0.0 0.0 0.0 1.0 -1.0 -1.0 -1.0 -1.0 -1.0 
-1.0 -1.0 -1.0 1.0 0.0 0.0 0.0 0.0 0.0 1.0 -1.0 -1.0 -1.0 -1.0 -1.0 
-1.0 -1.0 -1.0 1.0 0.0 0.0 0.0 0.0 0.0 1.0 -1.0 -1.0 -1.0 -1.0 -1.0 
-1.0 -1.0 -1.0 1.0 0.0 0.0 0.0 0.0 0.0 0.0 1.0 -1.0 -1.0 -1.0 -1.0 
-1.0 -1.0 -1.0 1.0 0.0 0.0 0.0 0.0 0.0 0.0 1.0 -1.0 -1.0 -1.0 -1.0 
-1.0 -1.0 -1.0 1.0 98.01 98.01 98.01 98.01 98.01 98.01 98.01 1.0 -1.0 -1.0 -1.0 
-1.0 -1.0 1.0 0.0 0.0 0.0 0.0 0.0 0.0 0.0 0.0 1.0 -1.0 -1.0 -1.0 
-1.0 -1.0 1.0 0.0 0.0 0.0 0.0 0.0 0.0 0.0 0.0 1.0 -1.0 -1.0 -1.0 
-1.0 -1.0 1.0 0.0 0.0 0.0 0.0 0.0 0.0 0.0 0.0 1.0 -1.0 -1.0 -1.0 
-1.0 -1.0 1.0 0.0 0.0 0.0 0.0 0.0 0.0 0.0 0.0 0.0 1.0 -1.0 -1.0 
-1.0 1.0 0.0 0.0 0.0 0.0 0.0 0.0 0.0 0.0 0.0 0.0 1.0 -1.0 -1.0 
-1.0 1.0 1.0 1.0 1.0 1.0 1.0 1.0 1.0 1.0 1.0 0.0 1.0 -1.0 -1.0 
-1.0 1.0 1.0 2.0 2.0 2.0 2.0 2.0 2.0 2.0 2.0 1.0 1.0 -1.0 -1.0 
-1.0 1.0 2.0 38.0 0.0 0.0 0.0 0.0 37.0 0.0 0.0 2.0 2.0 1.0 -1.0 
-1.0 2.0 0.0 0.0 0.0 0.0 0.0 0.0 0.0 0.0 0.0 0.0 0.0 2.0 -1.0 
-1.0 0.0 0.0 0.0 0.0 0.0 0.0 0.0 0.0 0.0 0.0 0.0 0.0 0.0 -1.0 
-1.0 -1.0 1.0 1.0 0.0 0.0 0.0 0.0 0.0 0.0 0.0 0.0 0.0 0.0 0.0 
-1.0 -1.0 -1.0 -1.0 -1.0 -1.0 -1.0 -1.0 -1.0 -1.0 -1.0 -1.0 -1.0 -1.0 -1.0 
-1.0 -1.0 -1.0 -1.0 -1.0 1.0 1.0 -1.0 -1.0 -1.0 -1.0 -1.0 -1.0 -1.0 -1.0 
-1.0 -1.0 -1.0 -1.0 -1.0 1.0 0.0 1.0 -1.0 -1.0 -1.0 -1.0 -1.0 -1.0 -1.0 
-1.0 -1.0 -1.0 -1.0 1.0 1.0 0.0 0.0 1.0 -1.0 -1.0 -1.0 -1.0 -1.0 -1.0 
-1.0 -1.0 -1.0 -1.0 1.0 1.0 0.0 0.0 1.0 -1.0 -1.0 -1.0 -1.0 -1.0 -1.0 
-1.0 -1.0 -1.0 1.0 1.0 1.0 0.0 0.0 1.0 1.0 -1.0 -1.0 -1.0 -1.0 -1.0 
-1.0 -1.0 -1.0 1.0 1.0 0.0 0.0 0.0 1.0 1.0 -1.0 -1.0 -1.0 -1.0 -1.0 
-1.0 -1.0 -1.0 1.0 1.0 0.0 0.0 0.0 1.0 1.0 -1.0 -1.0 -1.0 -1.0 -1.0 
-1.0 -1.0 -1.0 1.0 98.01 98.01 98.01 98.01 98.01 1.0 1.0 -1.0 -1.0 -1.0 -1.0 
-1.0 -1.0 -1.0 1.0 0.0 0.0 0.0 0.0 0.0 0.0 1.0 -1.0 -1.0 -1.0 -1.0 
-1.0 -1.0 -1.0 1.0 0.0 0.0 0.0 0.0 0.0 0.0 1.0 -1.0 -1.0 -1.0 -1.0 
-1.0 -1.0 1.0 0.0 0.0 0.0 0.0 0.0 0.0 0.0 0.0 1.0 -1.0 -1.0 -1.0 
-1.0 -1.0 1.0 0.0 0.0 0.0 0.0 0.0 0.0 0.0 0.0 1.0 -1.0 -1.0 -1.0 
-1.0 -1.0 1.0 0.0 0.0 0.0 0.0 0.0 0.0 0.0 0.0 1.0 -1.0 -1.0 -1.0 
-1.0 -1.0 1.0 1.0 1.0 1.0 1.0 1.0 1.0 1.0 1.0 1.0 1.0 -1.0 -1.0 
-1.0 1.0 1.0 1.0 2.0 2.0 2.0 2.0 2.0 2.0 2.0 1.0 1.0 -1.0 -1.0 
-1.0 1.0 1.0 2.0 0.0 0.0 0.0 0.0 38.0 0.0 0.0 2.0 1.0 -1.0 -1.0 
-1.0 1.0 2.0 0.0 0.0 0.0 0.0 0.0 0.0 0.0 0.0 0.0 2.0 1.0 -1.0 
-1.0 3.0 0.0 0.0 0.0 0.0 0.0 0.0 0.0 0.0 0.0 0.0 0.0 3.0 -1.0 
-1.0 -1.0 0.0 0.0 0.0 0.0 0.0 0.0 0.0 0.0 0.0 0.0 0.0 0.0 0.0 
-1.0 -1.0 -1.0 -1.0 -1.0 -1.0 -1.0 -1.0 -1.0 -1.0 -1.0 -1.0 -1.0 -1.0 -1.0 
-1.0 -1.0 -1.0 -1.0 -1.0 -1.0 -1.0 -1.0 -1.0 -1.0 -1.0 -1.0 -1.0 -1.0 -1.0 
-1.0 -1.0 -1.0 -1.0 -1.0 -1.0 1.0 -1.0 -1.0 -1.0 -1.0 -1.0 -1.0 -1.0 -1.0 
-1.0 -1.0 -1.0 -1.0 -1.0 -1.0 1.0 1.0 -1.0 -1.0 -1.0 -1.0 -1.0 -1.0 -1.0 
-1.0 -1.0 -1.0 -1.0 -1.0 -1.0 1.0 1.0 -1.0 -1.0 -1.0 -1.0 -1.0 -1.0 -1.0 
-1.0 -1.0 -1.0 -1.0 -1.0 -1.0 1.0 1.0 -1.0 -1.0 -1.0 -1.0 -1.0 -1.0 -1.0 
-1.0 -1.0 -1.0 -1.0 -1.0 1.0 1.0 1.0 -1.0 -1.0 -1.0 -1.0 -1.0 -1.0 -1.0 
-1.0 -1.0 -1.0 -1.0 -1.0 1.0 0.0 1.0 1.0 -1.0 -1.0 -1.0 -1.0 -1.0 -1.0 
-1.0 -1.0 -1.0 -1.0 1.0 1.0 98.01 1.0 1.0 -1.0 -1.0 -1.0 -1.0 -1.0 -1.0 
-1.0 -1.0 -1.0 -1.0 1.0 1.0 0.0 0.0 1.0 1.0 -1.0 -1.0 -1.0 -1.0 -1.0 
-1.0 -1.0 -1.0 1.0 1.0 1.0 0.0 0.0 1.0 1.0 -1.0 -1.0 -1.0 -1.0 -1.0 
-1.0 -1.0 -1.0 1.0 1.0 0.0 0.0 0.0 0.0 1.0 1.0 -1.0 -1.0 -1.0 -1.0 
-1.0 -1.0 -1.0 1.0 1.0 0.0 0.0 0.0 0.0 1.0 1.0 -1.0 -1.0 -1.0 -1.0 
-1.0 -1.0 -1.0 1.0 0.0 0.0 0.0 1.0 1.0 0.0 1.0 -1.0 -1.0 -1.0 -1.0 
-1.0 -1.0 1.0 1.0 1.0 1.0 1.0 2.0 1.0 1.0 1.0 1.0 -1.0 -1.0 -1.0 
-1.0 -1.0 1.0 1.0 1.0 1.0 2.0 0.0 2.0 2.0 1.0 1.0 -1.0 -1.0 -1.0 
-1.0 1.0 1.0 1.0 2.0 2.0 0.0 0.0 0.0 0.0 2.0 1.0 1.0 -1.0 -1.0 
-1.0 1.0 2.0 2.0 0.0 0.0 0.0 0.0 0.0 0.0 0.0 2.0 2.0 -1.0 -1.0 
-1.0 3.0 0.0 0.0 0.0 0.0 0.0 0.0 0.0 0.0 0.0 0.0 0.0 3.0 -1.0 
-1.0 -1.0 0.0 0.0 0.0 0.0 0.0 0.0 0.0 0.0 0.0 0.0 0.0 0.0 0.0 
-1.0 -1.0 -1.0 -1.0 -1.0 -1.0 -1.0 -1.0 -1.0 -1.0 -1.0 -1.0 -1.0 -1.0 -1.0 
-1.0 -1.0 -1.0 -1.0 -1.0 -1.0 -1.0 -1.0 -1.0 -1.0 -1.0 -1.0 -1.0 -1.0 -1.0 
-1.0 -1.0 -1.0 -1.0 -1.0 -1.0 -1.0 -1.0 -1.0 -1.0 -1.0 -1.0 -1.0 -1.0 -1.0 
-1.0 -1.0 -1.0 -1.0 -1.0 -1.0 -1.0 -1.0 -1.0 -1.0 -1.0 -1.0 -1.0 -1.0 -1.0 
-1.0 -1.0 -1.0 -1.0 -1.0 -1.0 -1.0 -1.0 -1.0 -1.0 -1.0 -1.0 -1.0 -1.0 -1.0 
-1.0 -1.0 -1.0 -1.0 -1.0 -1.0 -1.0 -1.0 -1.0 -1.0 -1.0 -1.0 -1.0 -1.0 -1.0 
-1.0 -1.0 -1.0 -1.0 -1.0 -1.0 -1.0 -1.0 -1.0 -1.0 -1.0 -1.0 -1.0 -1.0 -1.0 
-1.0 -1.0 -1.0 -1.0 -1.0 -1.0 1.0 -1.0 -1.0 -1.0 -1.0 -1.0 -1.0 -1.0 -1.0 
-1.0 -1.0 -1.0 -1.0 -1.0 -1.0 1.0 1.0 -1.0 -1.0 -1.0 -1.0 -1.0 -1.0 -1.0 
-1.0 -1.0 -1.0 -1.0 -1.0 -1.0 1.0 1.0 -1.0 -1.0 -1.0 -1.0 -1.0 -1.0 -1.0 
-1.0 -1.0 -1.0 -1.0 -1.0 -1.0 1.0 1.0 -1.0 -1.0 -1.0 -1.0 -1.0 -1.0 -1.0 
-1.0 -1.0 -1.0 -1.0 -1.0 1.0 1.0 1.0 1.0 -1.0 -1.0 -1.0 -1.0 -1.0 -1.0 
-1.0 -1.0 -1.0 -1.0 -1.0 1.0 1.0 1.0 1.0 -1.0 -1.0 -1.0 -1.0 -1.0 -1.0 
-1.0 -1.0 -1.0 -1.0 1.0 1.0 1.0 1.0 1.0 1.0 -1.0 -1.0 -1.0 -1.0 -1.0 
-1.0 -1.0 -1.0 -1.0 1.0 1.0 2.0 2.0 1.0 1.0 -1.0 -1.0 -1.0 -1.0 -1.0 
-1.0 -1.0 -1.0 -1.0 1.0 2.0 0.0 0.0 2.0 3.0 1.0 -1.0 -1.0 -1.0 -1.0 
-1.0 -1.0 -1.0 1.0 2.0 0.0 0.0 0.0 0.0 2.0 1.0 -1.0 -1.0 -1.0 -1.0 
-1.0 -1.0 1.0 2.0 0.0 0.0 0.0 0.0 50.02 0.0 2.0 1.0 -1.0 -1.0 -1.0 
-1.0 -1.0 3.0 0.0 0.0 0.0 0.0 0.0 0.0 0.0 0.0 3.0 3.0 -1.0 -1.0 
-1.0 0.0 0.0 0.0 0.0 0.0 0.0 0.0 0.0 0.0 0.0 0.0 0.0 0.0 0.0 
-1.0 -1.0 -1.0 -1.0 -1.0 -1.0 -1.0 -1.0 -1.0 -1.0 -1.0 -1.0 -1.0 -1.0 -1.0 
-1.0 -1.0 -1.0 -1.0 -1.0 -1.0 -1.0 -1.0 -1.0 -1.0 -1.0 -1.0 -1.0 -1.0 -1.0 
-1.0 -1.0 -1.0 -1.0 -1.0 -1.0 -1.0 -1.0 -1.0 -1.0 -1.0 -1.0 -1.0 -1.0 -1.0 
-1.0 -1.0 -1.0 -1.0 -1.0 -1.0 -1.0 -1.0 -1.0 -1.0 -1.0 -1.0 -1.0 -1.0 -1.0 
-1.0 -1.0 -1.0 -1.0 -1.0 -1.0 -1.0 -1.0 -1.0 -1.0 -1.0 -1.0 -1.0 -1.0 -1.0 
-1.0 -1.0 -1.0 -1.0 -1.0 -1.0 -1.0 -1.0 -1.0 -1.0 -1.0 -1.0 -1.0 -1.0 -1.0 
-1.0 -1.0 -1.0 -1.0 -1.0 -1.0 -1.0 -1.0 -1.0 -1.0 -1.0 -1.0 -1.0 -1.0 -1.0 
-1.0 -1.0 -1.0 -1.0 -1.0 -1.0 -1.0 -1.0 -1.0 -1.0 -1.0 -1.0 -1.0 -1.0 -1.0 
-1.0 -1.0 -1.0 -1.0 -1.0 -1.0 -1.0 -1.0 -1.0 -1.0 -1.0 -1.0 -1.0 -1.0 -1.0 
-1.0 -1.0 -1.0 -1.0 -1.0 -1.0 -1.0 -1.0 -1.0 -1.0 -1.0 -1.0 -1.0 -1.0 -1.0 
-1.0 -1.0 -1.0 -1.0 -1.0 -1.0 -1.0 -1.0 -1.0 -1.0 -1.0 -1.0 -1.0 -1.0 -1.0 
-1.0 -1.0 -1.0 -1.0 -1.0 -1.0 -1.0 -1.0 -1.0 -1.0 -1.0 -1.0 -1.0 -1.0 -1.0 
-1.0 -1.0 -1.0 -1.0 -1.0 -1.0 -1.0 -1.0 -1.0 -1.0 -1.0 -1.0 -1.0 -1.0 -1.0 
-1.0 -1.0 -1.0 -1.0 -1.0 -1.0 -1.0 -1.0 -1.0 -1.0 -1.0 -1.0 -1.0 -1.0 -1.0 
-1.0 -1.0 -1.0 -1.0 -1.0 -1.0 -1.0 -1.0 -1.0 -1.0 -1.0 -1.0 -1.0 -1.0 -1.0 
-1.0 -1.0 -1.0 -1.0 -1.0 -1.0 -1.0 -1.0 -1.0 -1.0 -1.0 -1.0 -1.0 -1.0 -1.0 
-1.0 -1.0 -1.0 -1.0 -1.0 -1.0 0.0 -1.0 -1.0 -1.0 -1.0 -1.0 -1.0 -1.0 -1.0 
-1.0 -1.0 -1.0 -1.0 -1.0 0.0 0.0 0.0 -1.0 -1.0 -1.0 -1.0 -1.0 -1.0 -1.0 
-1.0 -1.0 -1.0 -1.0 0.0 0.0 0.0 0.0 0.0 -1.0 -1.0 -1.0 -1.0 -1.0 -1.0 
