#Exporter v1.0
15 
20
15
-1.0 -1.0 -1.0 -1.0 -1.0 -1.0 -1.0 -1.0 -1.0 -1.0 -1.0 -1.0 -1.0 -1.0 -1.0 
-1.0 -1.0 -1.0 -1.0 2.0 2.0 2.0 2.0 2.0 2.0 -1.0 -1.0 -1.0 -1.0 -1.0 
-1.0 -1.0 -1.0 -1.0 0.0 0.0 0.0 0.0 0.0 0.0 -1.0 -1.0 -1.0 -1.0 -1.0 
-1.0 -1.0 -1.0 0.0 0.0 -1.0 -1.0 -1.0 -1.0 -1.0 -1.0 -1.0 -1.0 -1.0 -1.0 
-1.0 -1.0 -1.0 -1.0 -1.0 0.0 -1.0 -1.0 -1.0 -1.0 -1.0 -1.0 -1.0 -1.0 -1.0 
-1.0 -1.0 -1.0 -1.0 0.0 0.0 0.0 0.0 -1.0 -1.0 0.0 0.0 -1.0 -1.0 -1.0 
-1.0 -1.0 -1.0 -1.0 0.0 0.0 0.0 0.0 -1.0 -1.0 -1.0 0.0 -1.0 -1.0 -1.0 
-1.0 -1.0 -1.0 -1.0 -1.0 0.0 0.0 0.0 0.0 0.0 -1.0 0.0 -1.0 -1.0 -1.0 
-1.0 -1.0 -1.0 -1.0 -1.0 -1.0 -1.0 0.0 0.0 0.0 0.0 0.0 -1.0 -1.0 -1.0 
-1.0 -1.0 0.0 -1.0 -1.0 -1.0 0.0 -1.0 0.0 0.0 0.0 -1.0 -1.0 -1.0 -1.0 
-1.0 -1.0 0.0 0.0 0.0 0.0 0.0 -1.0 -1.0 0.0 -1.0 -1.0 -1.0 -1.0 -1.0 
-1.0 -1.0 0.0 -1.0 -1.0 -1.0 0.0 -1.0 -1.0 -1.0 -1.0 -1.0 -1.0 -1.0 -1.0 
-1.0 -1.0 -1.0 0.0 -1.0 0.0 -1.0 -1.0 -1.0 -1.0 -1.0 -1.0 -1.0 -1.0 -1.0 
-1.0 -1.0 -1.0 -1.0 0.0 -1.0 -1.0 -1.0 -1.0 -1.0 -1.0 -1.0 -1.0 -1.0 -1.0 
-1.0 -1.0 -1.0 -1.0 -1.0 -1.0 -1.0 -1.0 -1.0 -1.0 -1.0 -1.0 -1.0 -1.0 -1.0 
-1.0 -1.0 -1.0 -1.0 0.0 0.0 -1.0 -1.0 -1.0 -1.0 0.0 -1.0 -1.0 -1.0 -1.0 
-1.0 -1.0 -1.0 0.0 0.0 0.0 -1.0 -1.0 -1.0 0.0 0.0 0.0 -1.0 -1.0 -1.0 
-1.0 -1.0 -1.0 -1.0 0.0 0.0 0.0 -1.0 -1.0 -1.0 0.0 -1.0 -1.0 -1.0 -1.0 
-1.0 -1.0 -1.0 -1.0 -1.0 0.0 0.0 -1.0 -1.0 -1.0 0.0 -1.0 0.0 -1.0 -1.0 
-1.0 -1.0 -1.0 -1.0 -1.0 -1.0 -1.0 -1.0 -1.0 -1.0 -1.0 -1.0 -1.0 -1.0 -1.0 
-1.0 -1.0 -1.0 -1.0 -1.0 -1.0 -1.0 -1.0 -1.0 -1.0 -1.0 -1.0 -1.0 -1.0 -1.0 
-1.0 -1.0 2.0 2.0 3.0 3.0 3.0 3.0 3.0 3.0 2.0 2.0 2.0 -1.0 -1.0 
-1.0 -1.0 0.0 0.0 2.0 2.0 2.0 2.0 3.0 2.0 0.0 0.0 0.0 -1.0 -1.0 
-1.0 91.0 0.0 0.0 0.0 0.0 0.0 0.0 109.02 91.02 0.0 0.0 0.0 0.0 -1.0 
-1.0 30.0 0.0 0.0 0.0 0.0 0.0 0.0 0.0 109.02 98.0 0.0 0.0 0.0 -1.0 
-1.0 0.0 0.0 0.0 0.0 0.0 0.0 0.0 0.0 0.0 0.0 0.0 0.0 0.0 -1.0 
-1.0 0.0 0.0 0.0 0.0 0.0 0.0 0.0 0.0 0.0 0.0 0.0 0.0 0.0 -1.0 
-1.0 0.0 0.0 0.0 0.0 0.0 0.0 0.0 0.0 0.0 0.0 0.0 0.0 0.0 -1.0 
-1.0 0.0 0.0 0.0 0.0 1.0 1.0 1.0 1.0 0.0 0.0 0.0 1.0 0.0 -1.0 
-1.0 0.0 0.0 0.0 0.0 0.0 0.0 0.0 0.0 0.0 0.0 0.0 0.0 0.0 -1.0 
-1.0 0.0 -1.0 0.0 0.0 0.0 0.0 0.0 0.0 0.0 0.0 0.0 0.0 0.0 -1.0 
-1.0 0.0 0.0 0.0 50.01 0.0 0.0 0.0 0.0 0.0 0.0 0.0 0.0 0.0 -1.0 
-1.0 0.0 0.0 0.0 0.0 0.0 0.0 0.0 0.0 0.0 0.0 0.0 0.0 0.0 -1.0 
-1.0 0.0 0.0 0.0 0.0 0.0 0.0 0.0 0.0 0.0 0.0 0.0 0.0 0.0 -1.0 
-1.0 0.0 0.0 0.0 0.0 0.0 0.0 0.0 0.0 0.0 0.0 0.0 0.0 0.0 -1.0 
-1.0 0.0 0.0 0.0 0.0 0.0 0.0 0.0 0.0 0.0 0.0 0.0 0.0 0.0 -1.0 
-1.0 0.0 0.0 0.0 0.0 0.0 0.0 0.0 0.0 0.0 0.0 0.0 0.0 0.0 -1.0 
-1.0 0.0 0.0 0.0 0.0 0.0 0.0 0.0 0.0 0.0 0.0 0.0 0.0 0.0 -1.0 
-1.0 -1.0 0.0 0.0 0.0 0.0 0.0 0.0 0.0 0.0 0.0 0.0 0.0 -1.0 -1.0 
-1.0 -1.0 -1.0 0.0 0.0 0.0 0.0 0.0 0.0 0.0 0.0 0.0 -1.0 -1.0 -1.0 
-1.0 -1.0 -1.0 -1.0 -1.0 -1.0 -1.0 -1.0 -1.0 -1.0 -1.0 -1.0 -1.0 -1.0 -1.0 
-1.0 0.0 2.0 3.0 3.0 3.0 3.0 3.0 3.0 3.0 3.0 3.0 3.0 2.0 2.0 
-1.0 0.0 0.0 2.0 3.0 3.0 3.0 2.0 3.0 3.0 2.0 2.0 2.0 0.0 0.0 
-1.0 0.0 0.0 0.0 1.0 1.0 1.0 0.0 1.0 1.0 0.0 0.0 0.0 0.0 0.0 
-1.0 0.0 0.0 0.0 1.0 1.0 1.0 0.0 1.0 1.0 98.0 98.01 0.0 0.0 0.0 
-1.0 0.0 0.0 0.0 30.0 1.0 1.0 1.0 1.0 0.0 0.0 0.0 0.0 0.0 0.0 
-1.0 0.0 0.0 0.0 1.0 0.0 1.0 1.0 1.0 0.0 0.0 0.0 0.0 0.0 -1.0 
-1.0 0.0 0.0 1.0 1.0 1.0 1.0 1.0 1.0 0.0 0.0 0.0 1.0 0.0 -1.0 
-1.0 0.0 1.0 1.0 1.0 1.0 1.0 1.0 1.0 1.0 1.0 1.0 1.0 1.0 -1.0 
-1.0 0.0 98.0 98.0 98.0 98.0 98.0 98.0 98.0 98.02 98.01 98.01 0.0 0.0 -1.0 
-1.0 0.0 98.0 98.0 98.0 98.0 98.0 98.0 98.0 98.0 98.0 98.0 0.0 0.0 -1.0 
-1.0 0.0 98.0 98.01 98.01 98.0 98.01 98.0 98.0 98.01 98.0 98.0 0.0 0.0 -1.0 
-1.0 0.0 98.0 98.0 98.0 98.01 98.0 98.01 98.0 98.0 98.0 98.0 0.0 0.0 -1.0 
-1.0 0.0 98.0 98.0 98.0 98.0 98.0 98.0 98.0 98.0 98.0 98.0 0.0 0.0 -1.0 
-1.0 0.0 98.0 98.0 98.01 98.0 98.01 98.0 98.01 98.0 98.01 98.01 0.0 0.0 -1.0 
-1.0 0.0 98.0 98.01 98.0 98.0 98.0 98.01 98.01 98.0 98.0 98.01 0.0 0.0 -1.0 
-1.0 0.0 98.01 98.01 98.0 98.0 98.01 98.0 98.01 98.0 98.0 98.0 0.0 0.0 -1.0 
-1.0 0.0 98.0 98.0 98.0 98.0 98.0 98.0 98.01 98.0 98.0 98.0 0.0 0.0 -1.0 
-1.0 0.0 0.0 0.0 0.0 0.0 0.0 0.0 0.0 0.0 0.0 0.0 0.0 -1.0 -1.0 
-1.0 -1.0 0.0 0.0 0.0 0.0 0.0 0.0 0.0 0.0 0.0 0.0 0.0 -1.0 -1.0 
-1.0 -1.0 -1.0 -1.0 -1.0 -1.0 -1.0 -1.0 -1.0 -1.0 -1.0 -1.0 -1.0 -1.0 -1.0 
-1.0 2.0 3.0 3.0 3.0 3.0 3.0 29.09 3.0 3.0 3.0 3.0 3.0 3.0 2.0 
-1.0 0.0 2.0 3.0 3.0 3.0 3.0 34.09 3.0 3.0 3.0 2.0 2.0 2.0 0.0 
-1.0 0.0 0.0 1.0 7.0 7.0 7.0 1.0 7.0 7.0 1.0 0.0 0.0 0.0 0.0 
-1.0 0.0 0.0 1.0 7.0 7.0 7.0 1.0 7.0 1.0 98.0 98.0 98.01 0.0 0.0 
-1.0 0.0 0.0 0.0 1.0 1.0 1.0 34.08 1.0 1.0 0.0 0.0 0.0 0.0 0.0 
-1.0 0.0 0.0 1.0 1.0 1.0 1.0 29.08 1.0 0.0 0.0 0.0 0.0 0.0 -1.0 
-1.0 0.0 1.0 1.0 1.0 1.0 1.0 7.0 1.0 1.0 0.0 1.0 1.0 1.0 -1.0 
0.0 0.0 1.0 1.0 1.0 1.0 1.0 1.0 1.0 1.0 1.0 1.0 1.0 1.0 -1.0 
0.0 0.0 98.0 98.01 98.0 98.02 98.01 98.01 98.0 98.0 98.0 98.0 0.0 0.0 -1.0 
-1.0 0.0 98.0 0.0 0.0 0.0 0.0 0.0 30.0 69.06 55.0 98.0 0.0 0.0 -1.0 
-1.0 0.0 98.0 0.0 0.0 0.0 0.0 0.0 0.0 98.01 98.01 98.0 0.0 0.0 -1.0 
-1.0 0.0 98.0 50.03 0.0 0.0 0.0 0.0 50.04 98.01 98.01 98.0 0.0 0.0 -1.0 
-1.0 0.0 98.0 98.01 98.0 98.0 98.0 98.01 98.0 98.01 98.01 98.0 0.0 0.0 -1.0 
-1.0 0.0 98.0 30.0 0.0 0.0 0.0 0.0 0.0 0.0 0.0 98.0 0.0 0.0 -1.0 
-1.0 0.0 98.01 0.0 0.0 0.0 0.0 0.0 0.0 0.0 0.0 98.01 0.0 0.0 -1.0 
-1.0 0.0 98.0 0.0 0.0 0.0 0.0 0.0 0.0 0.0 30.0 98.0 0.0 0.0 0.0 
-1.0 0.0 98.0 98.01 98.0 98.01 98.0 98.01 98.01 98.0 98.0 98.02 0.0 0.0 -1.0 
-1.0 0.0 0.0 0.0 0.0 0.0 0.0 0.0 0.0 0.0 0.0 0.0 0.0 0.0 -1.0 
-1.0 0.0 0.0 0.0 0.0 0.0 0.0 0.0 0.0 0.0 0.0 0.0 0.0 -1.0 -1.0 
-1.0 -1.0 -1.0 -1.0 -1.0 -1.0 -1.0 1.0 -1.0 -1.0 -1.0 -1.0 -1.0 -1.0 -1.0 
2.0 2.0 3.0 3.0 3.0 3.0 3.0 55.12 3.0 3.0 3.0 3.0 3.0 3.0 2.0 
0.0 0.0 3.0 3.0 3.0 3.0 3.0 2.0 3.0 2.0 3.0 3.0 2.0 2.0 0.0 
-1.0 0.0 1.0 7.0 1.0 1.0 1.0 0.0 1.0 91.03 7.0 1.0 0.0 0.0 0.0 
-1.0 0.0 0.0 1.0 7.0 1.0 1.0 0.0 1.0 7.0 7.0 98.0 98.0 0.0 0.0 
-1.0 0.0 0.0 1.0 7.0 7.0 7.0 7.0 7.0 1.0 1.0 0.0 0.0 0.0 -1.0 
-1.0 0.0 0.0 30.0 1.0 1.0 1.0 7.0 1.0 30.0 0.0 0.0 0.0 0.0 -1.0 
0.0 0.0 0.0 1.0 1.0 1.0 1.0 55.08 1.0 1.0 1.0 1.0 0.0 0.0 -1.0 
0.0 1.0 1.0 1.0 1.0 1.0 1.0 0.0 1.0 1.0 1.0 1.0 1.0 1.0 -1.0 
0.0 0.0 98.0 98.01 98.01 98.0 98.0 98.01 98.0 98.01 55.0 98.0 0.0 0.0 -1.0 
0.0 0.0 98.0 0.0 0.0 0.0 0.0 0.0 0.0 98.01 0.0 98.02 0.0 0.0 -1.0 
-1.0 0.0 98.0 0.0 0.0 0.0 0.0 0.0 0.0 98.01 98.01 98.0 0.0 0.0 -1.0 
-1.0 0.0 98.0 0.0 0.0 0.0 0.0 0.0 0.0 98.01 98.01 98.0 0.0 0.0 -1.0 
-1.0 0.0 98.0 98.0 98.01 98.01 98.0 98.0 98.01 98.01 98.01 98.0 0.0 0.0 -1.0 
-1.0 0.0 98.01 0.0 0.0 0.0 0.0 0.0 0.0 0.0 0.0 98.01 0.0 0.0 -1.0 
-1.0 0.0 98.0 0.0 0.0 0.0 0.0 0.0 0.0 0.0 0.0 98.02 0.0 0.0 -1.0 
-1.0 0.0 98.0 0.0 0.0 0.0 0.0 0.0 0.0 0.0 50.04 98.0 0.0 0.0 -1.0 
-1.0 0.0 98.0 98.0 98.01 98.0 98.0 98.01 98.0 98.0 98.01 98.0 0.0 0.0 0.0 
-1.0 0.0 0.0 0.0 0.0 0.0 0.0 0.0 0.0 0.0 0.0 0.0 0.0 0.0 -1.0 
-1.0 0.0 0.0 0.0 0.0 0.0 0.0 0.0 0.0 0.0 0.0 0.0 0.0 0.0 -1.0 
-1.0 -1.0 -1.0 -1.0 -1.0 -1.0 -1.0 1.0 -1.0 -1.0 -1.0 -1.0 -1.0 -1.0 -1.0 
2.0 2.0 3.0 3.0 3.0 3.0 3.0 55.13 3.0 3.0 3.0 3.0 3.0 3.0 2.0 
0.0 0.0 3.0 3.0 2.0 2.0 2.0 2.0 2.0 2.0 3.0 3.0 3.0 2.0 0.0 
0.0 0.0 1.0 7.0 91.0 0.0 0.0 0.0 0.0 30.0 1.0 7.0 1.0 0.0 0.0 
-1.0 0.0 1.0 7.0 1.0 0.0 0.0 0.0 0.0 1.0 1.0 7.0 1.0 0.0 -1.0 
-1.0 0.0 1.0 7.0 7.0 1.0 1.0 1.0 1.0 7.0 1.0 1.0 109.0 0.0 -1.0 
0.0 0.0 0.0 1.0 1.0 7.0 7.0 7.0 7.0 1.0 0.0 0.0 0.0 0.0 -1.0 
0.0 0.0 1.0 1.0 1.0 1.0 1.0 1.0 1.0 1.0 1.0 1.0 0.0 0.0 -1.0 
0.0 1.0 1.0 1.0 1.0 1.0 1.0 55.09 1.0 1.0 76.01 1.0 0.0 1.0 -1.0 
0.0 0.0 98.0 98.02 98.01 98.02 98.0 98.01 98.0 98.0 0.0 98.0 0.0 0.0 -1.0 
0.0 0.0 98.0 0.0 0.0 302.0 0.0 0.0 0.0 98.01 98.01 98.02 0.0 0.0 -1.0 
0.0 0.0 98.01 0.0 0.0 0.0 0.0 0.0 0.0 98.01 98.01 98.01 0.0 0.0 -1.0 
-1.0 0.0 98.01 0.0 0.0 0.0 0.0 0.0 0.0 98.01 98.01 109.01 0.0 0.0 -1.0 
-1.0 0.0 98.0 98.01 98.0 98.01 98.02 98.0 98.0 98.01 98.01 98.0 0.0 0.0 0.0 
-1.0 0.0 98.0 0.0 0.0 0.0 0.0 0.0 0.0 0.0 0.0 98.0 0.0 0.0 -1.0 
-1.0 0.0 98.0 0.0 0.0 0.0 0.0 0.0 0.0 0.0 0.0 98.0 0.0 0.0 -1.0 
-1.0 0.0 98.01 0.0 50.02 0.0 0.0 0.0 0.0 0.0 0.0 98.0 0.0 0.0 -1.0 
-1.0 0.0 98.01 98.0 98.0 98.0 98.01 98.0 98.01 98.0 98.0 98.0 0.0 0.0 -1.0 
-1.0 0.0 0.0 0.0 0.0 0.0 0.0 0.0 0.0 0.0 0.0 0.0 0.0 0.0 -1.0 
-1.0 0.0 0.0 0.0 0.0 0.0 0.0 0.0 0.0 0.0 0.0 0.0 0.0 0.0 -1.0 
-1.0 -1.0 -1.0 -1.0 -1.0 -1.0 -1.0 1.0 -1.0 -1.0 -1.0 -1.0 -1.0 -1.0 -1.0 
0.0 2.0 3.0 3.0 15.0 15.0 15.0 55.14 3.0 3.0 3.0 3.0 3.0 3.0 2.0 
0.0 0.0 3.0 3.0 3.0 2.0 2.0 3.0 2.0 2.0 3.0 3.0 3.0 2.0 0.0 
0.0 0.0 1.0 7.0 1.0 0.0 0.0 300.0 0.0 0.0 1.0 7.0 1.0 0.0 0.0 
-1.0 0.0 1.0 7.0 1.0 0.0 0.0 0.0 0.0 0.0 1.0 7.0 1.0 0.0 -1.0 
0.0 0.0 1.0 7.0 1.0 30.0 0.0 0.0 0.0 1.0 7.0 1.0 98.01 0.0 -1.0 
0.0 0.0 0.0 1.0 7.0 7.0 7.0 7.0 7.0 7.0 1.0 0.0 0.0 0.0 -1.0 
0.0 0.0 1.0 1.0 1.0 1.0 1.0 1.0 1.0 1.0 1.0 1.0 0.0 0.0 -1.0 
0.0 1.0 1.0 1.0 1.0 1.0 1.0 55.1 1.0 1.0 55.15 1.0 0.0 0.0 -1.0 
0.0 0.0 98.0 98.0 98.0 98.0 98.0 98.0 98.0 98.02 98.01 98.0 0.0 0.0 -1.0 
0.0 0.0 98.0 0.0 0.0 0.0 0.0 0.0 0.0 0.0 0.0 98.01 0.0 0.0 -1.0 
-1.0 0.0 98.0 0.0 0.0 0.0 0.0 0.0 0.0 0.0 0.0 98.0 0.0 0.0 -1.0 
-1.0 0.0 98.0 0.0 0.0 0.0 0.0 0.0 0.0 0.0 50.01 98.0 0.0 0.0 0.0 
-1.0 0.0 98.0 98.01 98.01 98.01 98.0 98.0 98.0 98.0 98.01 98.0 0.0 0.0 0.0 
-1.0 0.0 98.0 0.0 98.0 0.0 0.0 0.0 0.0 0.0 0.0 98.0 0.0 0.0 0.0 
-1.0 0.0 98.0 0.0 98.0 0.0 0.0 0.0 0.0 0.0 0.0 98.01 0.0 0.0 0.0 
0.0 0.0 98.02 0.0 98.0 0.0 0.0 0.0 0.0 0.0 0.0 98.0 0.0 0.0 -1.0 
-1.0 0.0 98.01 98.0 98.01 98.01 98.0 98.0 98.0 98.02 98.0 98.0 0.0 0.0 -1.0 
-1.0 0.0 0.0 0.0 0.0 0.0 0.0 0.0 0.0 0.0 0.0 0.0 0.0 0.0 -1.0 
-1.0 0.0 0.0 0.0 0.0 0.0 0.0 0.0 0.0 0.0 0.0 0.0 0.0 0.0 -1.0 
-1.0 -1.0 -1.0 -1.0 -1.0 -1.0 -1.0 1.0 -1.0 -1.0 -1.0 -1.0 -1.0 -1.0 -1.0 
2.0 3.0 3.0 3.0 3.0 3.0 15.0 55.15 3.0 3.0 3.0 3.0 3.0 3.0 2.0 
0.0 3.0 3.0 3.0 2.0 2.0 3.0 2.0 3.0 2.0 3.0 3.0 3.0 2.0 0.0 
0.0 1.0 7.0 1.0 0.0 0.0 41.0 0.0 41.0 0.0 1.0 7.0 1.0 0.0 0.0 
-1.0 1.0 7.0 1.0 0.0 0.0 41.0 0.0 41.0 0.0 1.0 7.0 1.0 0.0 -1.0 
0.0 1.0 7.0 1.0 1.0 7.0 41.0 41.0 41.0 1.0 7.0 1.0 98.02 0.0 -1.0 
0.0 0.0 1.0 7.0 7.0 55.09 7.0 1.0 1.0 7.0 1.0 30.0 109.0 0.0 -1.0 
-1.0 0.0 1.0 1.0 1.0 0.0 55.1 7.0 7.0 1.0 1.0 1.0 0.0 0.0 -1.0 
0.0 0.0 1.0 1.0 1.0 0.0 0.0 55.11 55.12 55.13 55.14 1.0 0.0 0.0 -1.0 
0.0 0.0 98.0 98.0 98.01 98.01 98.0 98.01 98.0 98.0 98.01 98.0 0.0 0.0 -1.0 
-1.0 0.0 98.0 0.0 0.0 0.0 0.0 0.0 0.0 0.0 0.0 98.0 0.0 0.0 -1.0 
-1.0 0.0 98.0 0.0 0.0 0.0 0.0 0.0 0.0 0.0 0.0 98.0 0.0 0.0 0.0 
-1.0 0.0 98.0 0.0 0.0 0.0 0.0 0.0 0.0 0.0 0.0 98.0 0.0 0.0 0.0 
-1.0 0.0 98.0 98.0 98.0 98.0 98.01 98.0 98.0 98.0 98.01 98.01 0.0 0.0 0.0 
-1.0 0.0 98.01 0.0 98.0 0.0 0.0 300.01 0.0 0.0 0.0 98.01 0.0 0.0 0.0 
0.0 0.0 98.0 0.0 98.01 0.0 0.0 0.0 0.0 0.0 0.0 98.01 0.0 0.0 -1.0 
-1.0 0.0 98.01 0.0 98.0 0.0 0.0 0.0 0.0 0.0 0.0 98.0 0.0 0.0 -1.0 
0.0 0.0 98.0 98.0 98.01 98.01 98.01 98.0 98.0 98.0 98.01 98.01 0.0 0.0 -1.0 
-1.0 0.0 0.0 0.0 0.0 0.0 0.0 0.0 0.0 0.0 0.0 0.0 0.0 0.0 -1.0 
-1.0 0.0 0.0 0.0 0.0 0.0 0.0 0.0 0.0 0.0 0.0 0.0 0.0 0.0 -1.0 
-1.0 -1.0 -1.0 -1.0 -1.0 -1.0 -1.0 1.0 -1.0 -1.0 -1.0 -1.0 -1.0 -1.0 -1.0 
2.0 3.0 3.0 3.0 3.0 15.0 15.0 94.03 3.0 3.0 3.0 3.0 3.0 3.0 2.0 
0.0 3.0 3.0 3.0 2.0 3.0 3.0 3.0 3.0 2.0 3.0 3.0 3.0 2.0 0.0 
0.0 1.0 7.0 1.0 0.0 1.0 41.0 301.0 41.0 0.0 1.0 7.0 1.0 0.0 -1.0 
-1.0 1.0 7.0 1.0 0.0 1.0 41.0 0.0 41.0 0.0 1.0 7.0 1.0 0.0 -1.0 
-1.0 1.0 7.0 1.0 1.0 55.08 41.0 50.02 41.0 1.0 7.0 1.0 98.0 0.0 -1.0 
0.0 0.0 1.0 7.0 7.0 0.0 1.0 41.0 1.0 1.0 7.0 1.0 98.0 0.0 -1.0 
-1.0 0.0 1.0 1.0 1.0 7.0 7.0 7.0 7.0 7.0 1.0 1.0 109.0 0.0 -1.0 
-1.0 0.0 1.0 1.0 1.0 1.0 1.0 1.0 1.0 1.0 1.0 1.0 0.0 0.0 -1.0 
-1.0 0.0 98.01 98.0 98.0 98.01 98.0 98.0 98.0 98.01 98.0 98.0 0.0 0.0 -1.0 
-1.0 0.0 98.0 0.0 0.0 0.0 0.0 0.0 0.0 0.0 0.0 98.0 0.0 0.0 -1.0 
-1.0 0.0 98.0 0.0 0.0 0.0 0.0 0.0 0.0 0.0 0.0 98.02 0.0 0.0 -1.0 
-1.0 0.0 98.01 0.0 0.0 0.0 0.0 0.0 0.0 0.0 0.0 98.01 0.0 0.0 0.0 
-1.0 0.0 98.0 98.0 98.0 98.01 98.01 98.0 98.01 98.01 98.01 98.0 0.0 0.0 0.0 
-1.0 0.0 98.0 0.0 98.0 0.0 0.0 0.0 0.0 0.0 0.0 98.0 0.0 0.0 -1.0 
-1.0 0.0 98.01 0.0 98.0 0.0 0.0 0.0 0.0 0.0 0.0 98.02 0.0 0.0 -1.0 
0.0 0.0 98.0 0.0 98.01 0.0 0.0 0.0 0.0 0.0 0.0 98.0 0.0 0.0 -1.0 
0.0 0.0 98.0 98.0 98.0 98.0 98.0 98.0 98.01 98.0 98.01 98.0 0.0 0.0 -1.0 
0.0 0.0 0.0 0.0 0.0 0.0 0.0 0.0 0.0 0.0 0.0 0.0 0.0 0.0 -1.0 
-1.0 0.0 0.0 0.0 0.0 0.0 0.0 0.0 0.0 0.0 0.0 0.0 0.0 -1.0 -1.0 
-1.0 -1.0 -1.0 -1.0 -1.0 -1.0 -1.0 1.0 -1.0 -1.0 -1.0 -1.0 -1.0 -1.0 -1.0 
3.0 3.0 3.0 3.0 3.0 3.0 3.0 55.03 3.0 3.0 3.0 3.0 3.0 3.0 -1.0 
2.0 3.0 3.0 3.0 3.0 3.0 3.0 3.0 3.0 2.0 3.0 3.0 3.0 1.0 -1.0 
0.0 1.0 7.0 1.0 301.02 1.0 41.0 41.0 41.0 0.0 1.0 7.0 1.0 0.0 -1.0 
-1.0 1.0 7.0 1.0 30.0 55.07 41.0 41.0 41.0 0.0 1.0 7.0 1.0 0.0 -1.0 
-1.0 0.0 1.0 7.0 1.0 0.0 41.0 41.0 41.0 1.0 7.0 1.0 98.01 0.0 -1.0 
0.0 0.0 0.0 1.0 7.0 1.0 1.0 1.0 0.0 0.0 7.0 1.0 98.01 0.0 -1.0 
0.0 0.0 1.0 1.0 1.0 7.0 7.0 7.0 7.0 7.0 1.0 0.0 98.01 0.0 0.0 
0.0 0.0 0.0 1.0 1.0 1.0 1.0 1.0 1.0 1.0 1.0 0.0 109.0 0.0 0.0 
-1.0 0.0 98.0 98.0 98.0 98.02 98.01 98.0 98.0 98.01 98.01 98.0 0.0 0.0 -1.0 
-1.0 0.0 98.0 0.0 0.0 0.0 0.0 0.0 0.0 0.0 0.0 98.0 0.0 0.0 -1.0 
-1.0 0.0 98.02 0.0 0.0 0.0 0.0 0.0 0.0 0.0 0.0 98.0 0.0 0.0 -1.0 
-1.0 0.0 98.0 0.0 0.0 0.0 0.0 0.0 0.0 0.0 30.0 98.01 0.0 0.0 -1.0 
-1.0 0.0 98.0 98.01 98.02 98.0 98.01 98.0 98.0 98.01 98.0 98.0 0.0 0.0 -1.0 
-1.0 0.0 98.01 0.0 98.02 0.0 0.0 0.0 0.0 0.0 0.0 98.01 0.0 0.0 -1.0 
-1.0 0.0 98.0 0.0 98.01 0.0 0.0 0.0 0.0 0.0 0.0 98.0 0.0 0.0 -1.0 
-1.0 0.0 98.01 0.0 98.0 0.0 0.0 0.0 0.0 0.0 50.04 98.0 0.0 0.0 0.0 
-1.0 0.0 98.0 98.0 98.0 98.0 98.01 98.0 98.0 98.0 98.0 98.01 0.0 0.0 -1.0 
-1.0 0.0 0.0 0.0 0.0 0.0 0.0 0.0 0.0 0.0 0.0 0.0 0.0 0.0 -1.0 
-1.0 0.0 0.0 0.0 0.0 0.0 0.0 0.0 0.0 0.0 0.0 0.0 0.0 0.0 -1.0 
-1.0 -1.0 -1.0 -1.0 -1.0 -1.0 -1.0 1.0 -1.0 -1.0 -1.0 -1.0 -1.0 -1.0 -1.0 
2.0 3.0 3.0 3.0 3.0 3.0 2.0 55.04 3.0 3.0 3.0 3.0 3.0 3.0 -1.0 
0.0 2.0 3.0 3.0 3.0 2.0 55.05 0.0 2.0 2.0 3.0 3.0 3.0 1.0 -1.0 
-1.0 0.0 1.0 7.0 1.0 55.06 0.0 30.0 30.0 0.0 91.02 7.0 1.0 0.0 0.0 
-1.0 0.0 1.0 7.0 1.0 0.0 0.0 30.0 0.0 0.0 1.0 1.0 98.02 0.0 -1.0 
-1.0 0.0 1.0 7.0 7.0 30.0 1.0 1.0 1.0 1.0 7.0 1.0 98.02 0.0 -1.0 
-1.0 0.0 0.0 1.0 1.0 7.0 7.0 1.0 7.0 7.0 1.0 0.0 98.0 0.0 0.0 
-1.0 0.0 1.0 1.0 1.0 1.0 1.0 7.0 1.0 1.0 1.0 0.0 98.0 0.0 0.0 
-1.0 0.0 0.0 1.0 1.0 1.0 1.0 1.0 1.0 1.0 1.0 1.0 98.0 0.0 0.0 
-1.0 0.0 98.0 98.0 98.0 98.0 98.01 98.01 98.0 98.01 98.0 98.0 109.0 0.0 0.0 
-1.0 0.0 98.0 0.0 0.0 0.0 109.02 98.01 98.02 98.0 98.01 98.0 0.0 0.0 -1.0 
-1.0 0.0 98.01 0.0 0.0 0.0 0.0 109.02 98.0 98.01 98.01 98.0 0.0 0.0 -1.0 
-1.0 0.0 98.0 50.03 0.0 0.0 0.0 0.0 109.02 98.01 98.01 98.0 0.0 0.0 -1.0 
-1.0 0.0 98.0 98.0 98.0 98.01 0.0 0.0 0.0 109.02 98.01 98.0 0.0 0.0 -1.0 
-1.0 0.0 98.0 0.0 98.01 0.0 96.02 96.02 96.02 96.02 30.0 98.0 0.0 0.0 -1.0 
-1.0 0.0 98.0 0.0 98.0 0.0 0.0 0.0 0.0 0.0 0.0 98.01 0.0 0.0 -1.0 
-1.0 0.0 98.01 30.0 98.01 50.03 0.0 0.0 0.0 0.0 0.0 98.0 0.0 0.0 -1.0 
-1.0 0.0 98.0 98.0 98.0 98.0 98.0 98.01 98.0 98.0 98.0 98.0 0.0 0.0 0.0 
-1.0 0.0 0.0 0.0 0.0 0.0 0.0 0.0 0.0 0.0 0.0 0.0 0.0 0.0 0.0 
-1.0 0.0 0.0 0.0 0.0 0.0 0.0 0.0 0.0 0.0 0.0 0.0 0.0 0.0 -1.0 
-1.0 -1.0 -1.0 -1.0 -1.0 -1.0 -1.0 -1.0 -1.0 -1.0 -1.0 -1.0 -1.0 -1.0 -1.0 
3.0 3.0 3.0 3.0 3.0 3.0 3.0 3.0 3.0 3.0 3.0 3.0 3.0 2.0 2.0 
-1.0 2.0 2.0 3.0 3.0 2.0 3.0 3.0 3.0 3.0 3.0 3.0 2.0 0.0 0.0 
-1.0 0.0 91.01 1.0 7.0 91.01 1.0 1.0 1.0 1.0 7.0 1.0 91.03 0.0 0.0 
-1.0 0.0 0.0 1.0 7.0 1.0 1.0 1.0 1.0 1.0 7.0 1.0 0.0 0.0 -1.0 
-1.0 0.0 0.0 1.0 2.0 7.0 7.0 7.0 7.0 7.0 1.0 0.0 0.0 0.0 -1.0 
-1.0 0.0 0.0 0.0 0.0 3.0 3.0 7.0 7.0 1.0 0.0 0.0 0.0 0.0 0.0 
-1.0 0.0 30.0 1.0 1.0 1.0 1.0 1.0 1.0 1.0 0.0 0.0 0.0 0.0 0.0 
-1.0 1.0 1.0 1.0 1.0 1.0 1.0 1.0 1.0 1.0 1.0 0.0 0.0 0.0 0.0 
-1.0 0.0 98.0 98.01 98.02 98.02 98.02 98.02 98.0 98.0 98.0 98.0 98.0 0.0 0.0 
-1.0 0.0 98.0 98.0 98.0 98.0 98.0 98.0 98.0 98.0 98.0 98.02 0.0 0.0 -1.0 
-1.0 0.0 98.0 98.0 98.0 98.0 98.0 98.0 98.0 98.02 98.0 98.0 0.0 0.0 -1.0 
-1.0 0.0 98.0 98.02 98.0 98.0 98.02 98.02 98.02 98.0 98.0 98.0 0.0 0.0 -1.0 
-1.0 0.0 98.0 98.0 98.0 98.0 98.0 98.0 98.0 98.0 98.0 98.0 0.0 0.0 -1.0 
-1.0 0.0 98.0 0.0 98.0 98.0 98.02 98.0 98.01 98.0 98.0 98.01 0.0 0.0 -1.0 
-1.0 0.0 98.0 0.0 98.0 98.0 98.0 98.01 109.03 98.0 98.0 98.0 0.0 0.0 -1.0 
-1.0 0.0 98.01 98.0 98.0 98.01 98.02 98.0 98.0 98.0 98.0 98.0 0.0 0.0 -1.0 
-1.0 0.0 98.0 98.0 98.0 98.0 98.0 98.0 98.0 98.02 98.0 98.0 0.0 0.0 0.0 
-1.0 0.0 0.0 0.0 0.0 0.0 0.0 0.0 0.0 0.0 0.0 0.0 0.0 0.0 0.0 
-1.0 -1.0 0.0 0.0 0.0 0.0 0.0 0.0 0.0 0.0 0.0 0.0 0.0 0.0 0.0 
-1.0 -1.0 -1.0 -1.0 -1.0 -1.0 -1.0 -1.0 -1.0 -1.0 -1.0 -1.0 -1.0 -1.0 -1.0 
-1.0 2.0 3.0 2.0 3.0 3.0 3.0 3.0 3.0 3.0 3.0 3.0 3.0 2.0 -1.0 
-1.0 0.0 2.0 0.0 1.0 3.0 3.0 3.0 3.0 3.0 3.0 2.0 2.0 30.0 0.0 
-1.0 0.0 0.0 0.0 1.0 7.0 7.0 7.0 7.0 7.0 1.0 0.0 0.0 0.0 -1.0 
-1.0 0.0 0.0 0.0 1.0 3.0 7.0 7.0 7.0 1.0 1.0 0.0 0.0 0.0 -1.0 
-1.0 0.0 0.0 0.0 0.0 2.0 1.0 1.0 1.0 1.0 0.0 0.0 0.0 0.0 -1.0 
-1.0 0.0 0.0 0.0 0.0 30.0 0.0 1.0 1.0 0.0 0.0 0.0 0.0 0.0 -1.0 
-1.0 0.0 0.0 0.0 0.0 1.0 1.0 0.0 1.0 0.0 0.0 0.0 0.0 0.0 -1.0 
-1.0 0.0 1.0 1.0 1.0 1.0 1.0 1.0 1.0 1.0 1.0 0.0 0.0 0.0 0.0 
-1.0 0.0 0.0 0.0 0.0 0.0 0.0 0.0 0.0 0.0 98.01 98.02 98.01 0.0 -1.0 
-1.0 0.0 0.0 0.0 0.0 0.0 0.0 0.0 0.0 0.0 98.01 109.03 0.0 0.0 -1.0 
-1.0 0.0 0.0 0.0 0.0 0.0 0.0 0.0 0.0 98.01 109.03 0.0 0.0 0.0 -1.0 
-1.0 0.0 0.0 0.0 0.0 0.0 30.0 0.0 98.02 109.03 0.0 0.0 0.0 0.0 -1.0 
-1.0 0.0 98.0 98.01 98.01 98.01 98.0 98.0 109.03 0.0 0.0 0.0 0.0 -1.0 -1.0 
-1.0 0.0 0.0 0.0 0.0 0.0 0.0 0.0 0.0 0.0 0.0 0.0 0.0 0.0 -1.0 
-1.0 0.0 50.01 0.0 50.01 0.0 0.0 0.0 0.0 0.0 0.0 0.0 0.0 0.0 -1.0 
-1.0 0.0 0.0 0.0 0.0 0.0 0.0 0.0 0.0 0.0 0.0 0.0 0.0 0.0 0.0 
-1.0 0.0 0.0 0.0 0.0 0.0 0.0 0.0 0.0 0.0 0.0 0.0 0.0 0.0 0.0 
-1.0 0.0 0.0 0.0 0.0 0.0 0.0 0.0 0.0 0.0 0.0 0.0 0.0 0.0 -1.0 
-1.0 0.0 -1.0 0.0 0.0 0.0 0.0 0.0 0.0 0.0 0.0 -1.0 -1.0 -1.0 -1.0 
-1.0 -1.0 -1.0 -1.0 -1.0 -1.0 -1.0 -1.0 -1.0 -1.0 -1.0 -1.0 -1.0 -1.0 -1.0 
-1.0 2.0 2.0 -1.0 -1.0 3.0 3.0 3.0 3.0 3.0 2.0 3.0 3.0 2.0 -1.0 
-1.0 0.0 0.0 -1.0 0.0 1.0 1.0 1.0 3.0 3.0 0.0 2.0 2.0 0.0 -1.0 
-1.0 0.0 0.0 0.0 0.0 1.0 1.0 1.0 1.0 1.0 0.0 0.0 0.0 0.0 -1.0 
-1.0 0.0 0.0 0.0 0.0 0.0 1.0 0.0 1.0 0.0 0.0 0.0 0.0 0.0 -1.0 
-1.0 0.0 0.0 0.0 0.0 0.0 0.0 0.0 0.0 0.0 0.0 0.0 0.0 0.0 -1.0 
-1.0 0.0 0.0 0.0 0.0 0.0 0.0 0.0 0.0 0.0 0.0 0.0 0.0 0.0 -1.0 
-1.0 0.0 0.0 0.0 0.0 0.0 0.0 0.0 0.0 0.0 0.0 0.0 0.0 0.0 -1.0 
-1.0 0.0 0.0 1.0 0.0 0.0 1.0 1.0 1.0 1.0 0.0 0.0 0.0 0.0 -1.0 
-1.0 0.0 0.0 0.0 0.0 0.0 0.0 0.0 0.0 0.0 0.0 0.0 0.0 0.0 -1.0 
-1.0 0.0 0.0 0.0 0.0 0.0 0.0 0.0 0.0 0.0 0.0 0.0 0.0 0.0 -1.0 
-1.0 -1.0 0.0 0.0 0.0 -1.0 0.0 0.0 0.0 0.0 0.0 0.0 0.0 0.0 -1.0 
-1.0 -1.0 0.0 0.0 0.0 0.0 -1.0 0.0 0.0 0.0 0.0 0.0 0.0 -1.0 -1.0 
-1.0 -1.0 98.0 98.0 98.0 0.0 0.0 0.0 0.0 0.0 0.0 0.0 0.0 -1.0 -1.0 
-1.0 0.0 0.0 0.0 0.0 0.0 0.0 0.0 0.0 0.0 0.0 0.0 -1.0 -1.0 -1.0 
-1.0 0.0 0.0 0.0 0.0 0.0 0.0 0.0 0.0 0.0 0.0 0.0 0.0 0.0 -1.0 
-1.0 -1.0 0.0 0.0 0.0 0.0 0.0 -1.0 0.0 0.0 0.0 0.0 0.0 0.0 -1.0 
-1.0 -1.0 0.0 0.0 0.0 0.0 -1.0 -1.0 0.0 0.0 0.0 0.0 0.0 0.0 -1.0 
-1.0 -1.0 -1.0 0.0 0.0 0.0 0.0 0.0 0.0 0.0 0.0 0.0 0.0 -1.0 -1.0 
-1.0 -1.0 -1.0 0.0 0.0 0.0 0.0 -1.0 -1.0 -1.0 -1.0 -1.0 -1.0 -1.0 -1.0 
-1.0 -1.0 -1.0 -1.0 -1.0 -1.0 -1.0 -1.0 -1.0 -1.0 -1.0 -1.0 -1.0 -1.0 -1.0 
-1.0 -1.0 -1.0 -1.0 -1.0 -1.0 -1.0 -1.0 3.0 3.0 -1.0 3.0 3.0 -1.0 -1.0 
-1.0 -1.0 0.0 -1.0 -1.0 -1.0 -1.0 -1.0 -1.0 -1.0 -1.0 -1.0 -1.0 -1.0 -1.0 
-1.0 -1.0 -1.0 -1.0 -1.0 -1.0 -1.0 -1.0 -1.0 -1.0 -1.0 -1.0 -1.0 -1.0 -1.0 
-1.0 -1.0 -1.0 -1.0 -1.0 -1.0 0.0 0.0 -1.0 -1.0 -1.0 -1.0 -1.0 -1.0 -1.0 
-1.0 -1.0 -1.0 -1.0 -1.0 0.0 0.0 0.0 0.0 -1.0 -1.0 -1.0 -1.0 -1.0 -1.0 
-1.0 -1.0 -1.0 -1.0 -1.0 0.0 0.0 0.0 0.0 0.0 -1.0 -1.0 -1.0 -1.0 -1.0 
-1.0 -1.0 -1.0 -1.0 0.0 0.0 0.0 0.0 -1.0 -1.0 -1.0 -1.0 -1.0 -1.0 -1.0 
-1.0 -1.0 -1.0 -1.0 -1.0 -1.0 0.0 0.0 0.0 -1.0 -1.0 -1.0 -1.0 -1.0 -1.0 
-1.0 -1.0 0.0 -1.0 -1.0 -1.0 -1.0 -1.0 -1.0 -1.0 -1.0 -1.0 -1.0 -1.0 -1.0 
-1.0 -1.0 -1.0 -1.0 -1.0 -1.0 -1.0 -1.0 -1.0 -1.0 -1.0 -1.0 -1.0 -1.0 -1.0 
-1.0 -1.0 -1.0 -1.0 -1.0 -1.0 -1.0 -1.0 -1.0 -1.0 -1.0 -1.0 -1.0 -1.0 -1.0 
-1.0 -1.0 -1.0 -1.0 0.0 -1.0 -1.0 -1.0 -1.0 -1.0 -1.0 -1.0 -1.0 -1.0 -1.0 
-1.0 -1.0 -1.0 -1.0 -1.0 -1.0 -1.0 -1.0 0.0 -1.0 -1.0 -1.0 -1.0 -1.0 -1.0 
-1.0 -1.0 -1.0 0.0 -1.0 -1.0 -1.0 0.0 0.0 -1.0 -1.0 -1.0 -1.0 -1.0 -1.0 
-1.0 -1.0 -1.0 0.0 0.0 -1.0 0.0 0.0 0.0 0.0 -1.0 -1.0 -1.0 -1.0 -1.0 
-1.0 -1.0 0.0 0.0 0.0 -1.0 0.0 -1.0 0.0 -1.0 -1.0 -1.0 -1.0 -1.0 -1.0 
-1.0 -1.0 0.0 0.0 -1.0 -1.0 0.0 0.0 -1.0 -1.0 -1.0 -1.0 -1.0 -1.0 -1.0 
-1.0 -1.0 -1.0 -1.0 -1.0 -1.0 -1.0 -1.0 -1.0 -1.0 -1.0 -1.0 -1.0 -1.0 -1.0 
-1.0 -1.0 -1.0 -1.0 -1.0 -1.0 -1.0 -1.0 -1.0 -1.0 -1.0 -1.0 -1.0 -1.0 -1.0 
