#Exporter v1.0
15 
20
15
-1.0 -1.0 -1.0 -1.0 -1.0 -1.0 -1.0 -1.0 -1.0 -1.0 -1.0 -1.0 -1.0 -1.0 -1.0 
-1.0 -1.0 -1.0 -1.0 -1.0 -1.0 -1.0 -1.0 -1.0 -1.0 -1.0 -1.0 -1.0 -1.0 -1.0 
-1.0 -1.0 -1.0 -1.0 -1.0 -1.0 -1.0 -1.0 -1.0 -1.0 -1.0 -1.0 -1.0 -1.0 -1.0 
-1.0 -1.0 -1.0 -1.0 -1.0 1.0 1.0 1.0 -1.0 -1.0 -1.0 -1.0 -1.0 -1.0 -1.0 
-1.0 -1.0 -1.0 -1.0 1.0 1.0 1.0 1.0 1.0 -1.0 -1.0 -1.0 -1.0 -1.0 -1.0 
-1.0 -1.0 -1.0 -1.0 3.0 1.0 1.0 1.0 3.0 -1.0 -1.0 -1.0 -1.0 -1.0 -1.0 
-1.0 -1.0 -1.0 -1.0 -1.0 3.0 3.0 3.0 -1.0 -1.0 -1.0 -1.0 -1.0 -1.0 -1.0 
-1.0 -1.0 -1.0 -1.0 -1.0 2.0 2.0 -1.0 -1.0 -1.0 -1.0 -1.0 -1.0 -1.0 -1.0 
-1.0 -1.0 -1.0 -1.0 -1.0 0.0 0.0 -1.0 -1.0 -1.0 -1.0 -1.0 -1.0 -1.0 -1.0 
-1.0 -1.0 -1.0 -1.0 0.0 0.0 0.0 0.0 -1.0 -1.0 -1.0 -1.0 -1.0 -1.0 -1.0 
-1.0 -1.0 -1.0 0.0 0.0 0.0 0.0 0.0 0.0 0.0 -1.0 -1.0 -1.0 -1.0 -1.0 
-1.0 -1.0 0.0 0.0 0.0 0.0 0.0 0.0 0.0 0.0 0.0 -1.0 -1.0 -1.0 -1.0 
-1.0 -1.0 0.0 0.0 0.0 0.0 0.0 0.0 0.0 0.0 0.0 0.0 -1.0 -1.0 -1.0 
-1.0 -1.0 -1.0 0.0 0.0 0.0 0.0 -1.0 0.0 0.0 0.0 0.0 0.0 -1.0 -1.0 
-1.0 -1.0 -1.0 -1.0 0.0 0.0 -1.0 -1.0 -1.0 0.0 0.0 0.0 0.0 0.0 -1.0 
-1.0 -1.0 -1.0 -1.0 0.0 0.0 -1.0 -1.0 0.0 0.0 0.0 0.0 0.0 -1.0 -1.0 
-1.0 -1.0 -1.0 -1.0 0.0 0.0 -1.0 -1.0 0.0 0.0 0.0 0.0 -1.0 -1.0 -1.0 
-1.0 -1.0 -1.0 0.0 0.0 -1.0 -1.0 -1.0 -1.0 0.0 0.0 0.0 -1.0 -1.0 -1.0 
-1.0 -1.0 -1.0 -1.0 0.0 -1.0 -1.0 -1.0 -1.0 -1.0 0.0 -1.0 -1.0 -1.0 -1.0 
-1.0 -1.0 -1.0 -1.0 -1.0 -1.0 -1.0 -1.0 -1.0 -1.0 -1.0 -1.0 -1.0 -1.0 -1.0 
-1.0 -1.0 -1.0 -1.0 -1.0 -1.0 -1.0 -1.0 -1.0 -1.0 -1.0 -1.0 -1.0 -1.0 -1.0 
-1.0 -1.0 -1.0 -1.0 -1.0 -1.0 -1.0 -1.0 -1.0 -1.0 -1.0 -1.0 -1.0 -1.0 -1.0 
-1.0 -1.0 -1.0 -1.0 -1.0 -1.0 1.0 1.0 -1.0 -1.0 -1.0 -1.0 -1.0 -1.0 -1.0 
-1.0 -1.0 1.0 1.0 1.0 1.0 1.0 1.0 1.0 1.0 -1.0 -1.0 -1.0 -1.0 -1.0 
-1.0 -1.0 1.0 1.0 1.0 1.0 1.0 1.0 1.0 1.0 -1.0 -1.0 -1.0 -1.0 -1.0 
-1.0 -1.0 2.0 1.0 1.0 3.0 3.0 3.0 1.0 2.0 0.0 0.0 1.0 0.0 -1.0 
-1.0 -1.0 0.0 2.0 3.0 3.0 3.0 3.0 2.0 0.0 0.0 0.0 2.0 0.0 -1.0 
-1.0 0.0 0.0 0.0 2.0 2.0 2.0 2.0 0.0 0.0 0.0 0.0 0.0 0.0 -1.0 
-1.0 -1.0 -1.0 0.0 0.0 106.08 106.08 0.0 0.0 -1.0 0.0 0.0 0.0 0.0 -1.0 
-1.0 -1.0 0.0 0.0 106.08 106.08 106.08 0.0 0.0 0.0 -1.0 -1.0 0.0 -1.0 -1.0 
-1.0 0.0 0.0 0.0 106.08 106.08 106.08 0.0 0.0 0.0 0.0 0.0 -1.0 -1.0 -1.0 
-1.0 0.0 0.0 0.0 106.08 106.08 106.08 0.0 0.0 0.0 0.0 0.0 0.0 -1.0 0.0 
-1.0 0.0 0.0 0.0 106.08 106.08 106.08 0.0 0.0 0.0 0.0 0.0 0.0 0.0 -1.0 
-1.0 -1.0 0.0 0.0 106.08 106.08 106.08 0.0 0.0 0.0 0.0 0.0 0.0 0.0 -1.0 
-1.0 -1.0 0.0 0.0 106.08 106.08 106.08 0.0 0.0 0.0 0.0 0.0 0.0 0.0 0.0 
-1.0 -1.0 -1.0 0.0 106.08 106.08 106.08 0.0 0.0 0.0 0.0 0.0 0.0 0.0 0.0 
-1.0 -1.0 -1.0 0.0 106.08 106.08 106.08 0.0 0.0 0.0 0.0 0.0 0.0 0.0 -1.0 
-1.0 -1.0 0.0 0.0 0.0 0.0 0.0 0.0 0.0 0.0 0.0 106.08 0.0 -1.0 -1.0 
-1.0 -1.0 0.0 0.0 0.0 0.0 0.0 -1.0 0.0 0.0 0.0 0.0 -1.0 -1.0 -1.0 
-1.0 -1.0 0.0 0.0 0.0 0.0 0.0 -1.0 -1.0 0.0 0.0 0.0 -1.0 -1.0 -1.0 
-1.0 9.09 -1.0 -1.0 -1.0 -1.0 -1.0 -1.0 -1.0 -1.0 -1.0 -1.0 -1.0 -1.0 -1.0 
-1.0 9.09 -1.0 -1.0 -1.0 -1.0 1.0 1.0 1.0 -1.0 -1.0 -1.0 -1.0 -1.0 -1.0 
-1.0 9.09 -1.0 -1.0 1.0 1.0 15.0 15.0 1.0 1.0 1.0 -1.0 -1.0 -1.0 -1.0 
-1.0 9.09 1.0 1.0 1.0 1.0 1.0 1.0 1.0 1.0 1.0 1.0 -1.0 -1.0 -1.0 
-1.0 9.09 1.0 1.0 1.0 1.0 1.0 1.0 1.0 1.0 1.0 1.0 1.0 1.0 -1.0 
-1.0 9.09 3.0 1.0 3.0 3.0 3.0 3.0 3.0 1.0 1.0 1.0 1.0 1.0 -1.0 
-1.0 9.01 9.09 3.0 3.0 3.0 3.0 3.0 3.0 2.0 2.0 2.0 2.0 2.0 -1.0 
-1.0 0.0 9.01 9.0 9.0 9.0 9.0 2.0 2.0 0.0 0.0 106.08 106.08 0.0 -1.0 
-1.0 0.0 0.0 0.0 0.0 111.0 0.0 0.0 0.0 0.0 0.0 106.08 106.08 0.0 -1.0 
-1.0 0.0 0.0 0.0 0.0 0.0 0.0 106.08 0.0 0.0 0.0 106.08 106.08 0.0 -1.0 
-1.0 0.0 0.0 0.0 0.0 0.0 0.0 106.08 0.0 0.0 0.0 106.08 106.08 0.0 0.0 
-1.0 0.0 0.0 0.0 0.0 0.0 0.0 106.08 0.0 0.0 0.0 106.08 106.08 0.0 0.0 
-1.0 0.0 0.0 0.0 0.0 0.0 0.0 106.08 0.0 0.0 0.0 106.08 106.08 0.0 0.0 
-1.0 0.0 0.0 0.0 0.0 0.0 0.0 106.08 0.0 0.0 0.0 106.08 106.08 0.0 -1.0 
0.0 0.0 0.0 0.0 0.0 0.0 0.0 106.08 0.0 0.0 0.0 106.08 106.08 0.0 0.0 
0.0 -1.0 0.0 0.0 0.0 0.0 0.0 106.08 0.0 0.0 0.0 106.08 106.08 0.0 0.0 
0.0 -1.0 0.0 0.0 18.12 18.12 18.12 106.08 0.0 0.0 0.0 106.08 106.08 0.0 0.0 
0.0 0.0 0.0 0.0 0.0 18.05 18.12 18.06 0.0 0.0 0.0 18.04 106.08 0.0 0.0 
-1.0 0.0 0.0 0.0 0.0 0.0 0.0 0.0 0.0 0.0 0.0 18.04 18.04 -1.0 -1.0 
-1.0 0.0 0.0 0.0 0.0 0.0 0.0 0.0 0.0 0.0 0.0 -1.0 -1.0 -1.0 -1.0 
-1.0 -1.0 -1.0 -1.0 -1.0 -1.0 -1.0 -1.0 -1.0 -1.0 -1.0 -1.0 -1.0 -1.0 -1.0 
-1.0 -1.0 -1.0 -1.0 -1.0 1.0 1.0 1.0 1.0 1.0 1.0 -1.0 -1.0 -1.0 -1.0 
-1.0 -1.0 -1.0 1.0 1.0 1.0 15.0 15.0 1.0 1.0 1.0 1.0 -1.0 -1.0 -1.0 
-1.0 1.0 1.0 1.0 1.0 1.0 15.0 1.0 1.0 1.0 1.0 1.0 1.0 -1.0 -1.0 
-1.0 -1.0 1.0 1.0 1.0 1.0 1.0 1.0 1.0 1.0 1.0 1.0 1.0 1.0 -1.0 
-1.0 1.0 1.0 3.0 3.0 3.0 3.0 3.0 3.0 3.0 3.0 1.0 1.0 1.0 -1.0 
-1.0 2.0 3.0 3.0 3.0 3.0 3.0 3.0 3.0 3.0 3.0 3.0 3.0 3.0 -1.0 
-1.0 0.0 9.01 9.0 9.0 9.0 9.0 9.0 2.0 2.0 2.0 2.0 2.0 2.0 -1.0 
-1.0 0.0 0.0 0.0 111.0 0.0 0.0 111.0 0.0 0.0 106.08 0.0 0.0 0.0 -1.0 
-1.0 0.0 0.0 0.0 0.0 0.0 0.0 0.0 0.0 0.0 106.08 0.0 0.0 0.0 0.0 
-1.0 0.0 0.0 0.0 0.0 0.0 0.0 0.0 0.0 0.0 106.08 0.0 0.0 0.0 0.0 
-1.0 0.0 0.0 0.0 0.0 0.0 0.0 0.0 0.0 0.0 106.08 0.0 0.0 0.0 0.0 
0.0 0.0 0.0 0.0 0.0 0.0 0.0 0.0 0.0 0.0 106.08 0.0 0.0 0.0 0.0 
0.0 0.0 0.0 0.0 0.0 0.0 0.0 0.0 0.0 0.0 106.08 0.0 0.0 0.0 0.0 
0.0 0.0 0.0 0.0 0.0 0.0 0.0 0.0 0.0 0.0 106.08 0.0 0.0 0.0 0.0 
0.0 0.0 0.0 0.0 0.0 18.06 0.0 0.0 0.0 0.0 106.08 0.0 0.0 106.0 0.0 
0.0 0.0 0.0 0.0 18.12 17.0 18.12 18.04 106.0 0.0 106.01 18.04 18.04 18.04 106.04 
0.0 0.0 0.0 0.0 0.0 18.12 18.12 18.04 18.06 0.0 18.04 17.0 18.04 0.0 0.0 
0.0 0.0 0.0 0.0 0.0 18.12 18.12 18.06 0.0 0.0 0.0 18.04 18.04 0.0 0.0 
-1.0 0.0 0.0 0.0 0.0 0.0 0.0 0.0 0.0 0.0 0.0 -1.0 0.0 0.0 -1.0 
-1.0 -1.0 -1.0 -1.0 -1.0 -1.0 -1.0 -1.0 -1.0 -1.0 -1.0 -1.0 -1.0 -1.0 -1.0 
-1.0 -1.0 -1.0 -1.0 1.0 1.0 1.0 1.0 1.0 1.0 1.0 1.0 -1.0 -1.0 -1.0 
-1.0 -1.0 1.0 1.0 1.0 1.0 1.0 15.0 1.0 56.0 1.0 1.0 1.0 -1.0 -1.0 
-1.0 1.0 1.0 1.0 1.0 1.0 1.0 1.0 1.0 1.0 1.0 1.0 1.0 1.0 -1.0 
-1.0 -1.0 1.0 1.0 1.0 1.0 1.0 1.0 1.0 1.0 1.0 1.0 1.0 1.0 -1.0 
-1.0 1.0 3.0 3.0 3.0 3.0 3.0 3.0 3.0 3.0 3.0 3.0 1.0 1.0 -1.0 
-1.0 2.0 3.0 3.0 3.0 3.0 3.0 3.0 3.0 3.0 3.0 3.0 3.0 3.0 -1.0 
-1.0 0.0 2.0 2.0 2.0 2.0 9.0 9.0 2.0 2.0 2.0 2.0 2.0 2.0 -1.0 
-1.0 0.0 0.0 0.0 0.0 0.0 111.0 0.0 0.0 0.0 0.0 0.0 0.0 0.0 0.0 
-1.0 0.0 0.0 0.0 0.0 0.0 0.0 0.0 0.0 0.0 0.0 0.0 0.0 0.0 0.0 
0.0 0.0 106.01 0.0 0.0 0.0 0.0 0.0 0.0 0.0 0.0 0.0 0.0 0.0 0.0 
0.0 0.0 106.01 0.0 0.0 0.0 0.0 0.0 0.0 0.0 0.0 0.0 0.0 0.0 0.0 
0.0 0.0 106.01 0.0 0.0 0.0 0.0 0.0 0.0 0.0 0.0 0.0 0.0 0.0 0.0 
0.0 0.0 106.01 0.0 0.0 0.0 0.0 0.0 0.0 0.0 0.0 0.0 0.0 0.0 0.0 
0.0 0.0 106.01 0.0 0.0 0.0 0.0 0.0 0.0 0.0 0.0 106.0 106.0 0.0 0.0 
0.0 0.0 106.01 2.0 0.0 18.06 18.06 0.0 0.0 0.0 18.14 18.12 18.06 0.0 0.0 
0.0 0.0 106.01 18.04 18.04 17.0 17.0 18.04 0.0 0.0 18.12 17.0 18.04 0.0 -1.0 
0.0 0.0 0.0 0.0 18.04 18.04 18.04 18.04 18.06 106.04 18.04 17.0 18.04 0.0 0.0 
0.0 0.0 0.0 0.0 0.0 18.06 18.04 0.0 0.0 0.0 106.01 18.04 18.04 0.0 -1.0 
0.0 0.0 0.0 0.0 0.0 0.0 0.0 0.0 0.0 0.0 0.0 0.0 0.0 0.0 -1.0 
-1.0 -1.0 -1.0 -1.0 -1.0 -1.0 -1.0 -1.0 -1.0 -1.0 -1.0 -1.0 -1.0 -1.0 -1.0 
-1.0 -1.0 -1.0 -1.0 1.0 1.0 1.0 1.0 1.0 1.0 1.0 1.0 -1.0 -1.0 -1.0 
-1.0 -1.0 1.0 1.0 1.0 1.0 15.0 15.0 1.0 1.0 56.0 1.0 1.0 0.0 -1.0 
1.0 1.0 3.0 1.0 1.0 1.0 1.0 1.0 1.0 1.0 1.0 1.0 1.0 1.0 -1.0 
-1.0 -1.0 3.0 3.0 1.0 1.0 3.0 3.0 3.0 1.0 1.0 1.0 1.0 1.0 -1.0 
-1.0 1.0 3.0 3.0 3.0 3.0 3.0 3.0 3.0 3.0 3.0 3.0 3.0 1.0 -1.0 
-1.0 2.0 3.0 3.0 3.0 3.0 3.0 3.0 9.0 2.0 3.0 3.0 3.0 3.0 -1.0 
-1.0 0.0 2.0 2.0 2.0 2.0 2.0 9.0 9.0 9.0 2.0 2.0 2.0 2.0 0.0 
-1.0 0.0 0.0 0.0 0.0 0.0 0.0 111.0 0.0 111.0 0.0 106.04 0.0 0.0 0.0 
-1.0 0.0 106.01 0.0 0.0 0.0 0.0 0.0 0.0 0.0 0.0 106.04 0.0 0.0 0.0 
0.0 0.0 106.01 0.0 0.0 0.0 0.0 0.0 0.0 0.0 0.0 106.04 0.0 0.0 0.0 
0.0 0.0 106.01 0.0 0.0 0.0 0.0 0.0 0.0 0.0 0.0 106.04 0.0 0.0 0.0 
0.0 0.0 106.01 0.0 0.0 0.0 0.0 0.0 0.0 0.0 0.0 106.04 0.0 0.0 -1.0 
0.0 0.0 106.01 0.0 0.0 0.0 0.0 0.0 0.0 0.0 0.0 106.04 0.0 0.0 0.0 
0.0 0.0 106.01 0.0 18.12 0.0 0.0 0.0 0.0 18.06 18.14 106.04 0.0 0.0 -1.0 
0.0 0.0 106.01 18.12 18.12 18.12 17.0 18.06 0.0 0.0 18.12 18.12 18.05 -1.0 -1.0 
0.0 0.0 106.01 18.06 18.12 18.12 17.0 18.06 106.04 106.08 18.12 17.0 18.04 18.04 -1.0 
0.0 0.0 0.0 0.0 18.05 18.04 18.04 18.06 106.04 106.01 18.06 18.04 18.06 0.0 -1.0 
0.0 0.0 0.0 0.0 0.0 106.02 18.06 0.0 0.0 0.0 0.0 106.02 0.0 0.0 -1.0 
0.0 0.0 0.0 0.0 0.0 0.0 0.0 0.0 0.0 0.0 0.0 0.0 0.0 0.0 -1.0 
-1.0 -1.0 -1.0 -1.0 -1.0 -1.0 -1.0 -1.0 -1.0 -1.0 -1.0 -1.0 -1.0 -1.0 -1.0 
-1.0 -1.0 -1.0 -1.0 -1.0 1.0 1.0 1.0 1.0 1.0 1.0 -1.0 -1.0 -1.0 -1.0 
-1.0 1.0 1.0 1.0 1.0 14.0 1.0 1.0 1.0 56.0 56.0 1.0 1.0 -1.0 -1.0 
1.0 1.0 3.0 14.0 14.0 14.0 3.0 3.0 1.0 56.0 1.0 1.0 1.0 1.0 -1.0 
-1.0 1.0 3.0 3.0 1.0 3.0 3.0 3.0 3.0 3.0 1.0 1.0 1.0 1.0 1.0 
-1.0 1.0 3.0 3.0 3.0 3.0 3.0 3.0 3.0 3.0 3.0 3.0 3.0 1.0 2.0 
-1.0 2.0 2.0 3.0 3.0 3.0 3.0 3.0 3.0 3.0 3.0 3.0 3.0 3.0 0.0 
-1.0 0.0 0.0 2.0 2.0 2.0 2.0 2.0 3.0 9.0 9.0 2.0 2.0 2.0 0.0 
-1.0 0.0 0.0 0.0 0.0 0.0 37.0 0.0 2.0 0.0 0.0 37.0 0.0 0.0 0.0 
0.0 106.01 0.0 0.0 0.0 0.0 0.0 0.0 0.0 0.0 0.0 106.04 0.0 0.0 0.0 
0.0 106.01 0.0 0.0 0.0 0.0 0.0 0.0 0.0 0.0 0.0 106.04 0.0 0.0 0.0 
0.0 106.01 0.0 0.0 0.0 0.0 0.0 0.0 0.0 0.0 0.0 106.04 0.0 0.0 -1.0 
0.0 106.01 0.0 0.0 0.0 0.0 0.0 0.0 0.0 0.0 0.0 106.04 0.0 0.0 -1.0 
0.0 106.01 0.0 0.0 0.0 0.0 0.0 0.0 0.0 0.0 0.0 106.04 0.0 -1.0 -1.0 
0.0 106.01 0.0 18.12 18.12 18.12 17.0 17.0 0.0 18.06 18.12 106.04 0.0 -1.0 -1.0 
0.0 106.01 18.04 18.12 17.0 17.0 17.0 18.12 0.0 18.13 17.0 18.12 18.05 -1.0 -1.0 
0.0 0.0 0.0 18.05 18.12 18.12 18.12 18.12 106.04 18.13 17.0 17.0 18.04 0.0 -1.0 
0.0 0.0 0.0 0.0 0.0 0.0 0.0 106.02 0.0 0.0 18.04 18.04 0.0 0.0 -1.0 
0.0 0.0 0.0 0.0 0.0 0.0 0.0 0.0 0.0 0.0 0.0 0.0 0.0 0.0 -1.0 
0.0 0.0 0.0 0.0 0.0 0.0 0.0 -1.0 0.0 0.0 0.0 0.0 0.0 -1.0 -1.0 
-1.0 -1.0 -1.0 -1.0 -1.0 -1.0 -1.0 -1.0 -1.0 -1.0 -1.0 -1.0 -1.0 -1.0 -1.0 
-1.0 -1.0 -1.0 -1.0 -1.0 -1.0 1.0 1.0 1.0 1.0 -1.0 -1.0 -1.0 -1.0 -1.0 
-1.0 1.0 1.0 1.0 1.0 1.0 1.0 1.0 1.0 1.0 1.0 1.0 1.0 -1.0 -1.0 
1.0 1.0 3.0 3.0 14.0 14.0 3.0 3.0 1.0 3.0 3.0 3.0 1.0 1.0 -1.0 
-1.0 1.0 3.0 3.0 1.0 3.0 3.0 3.0 3.0 3.0 3.0 1.0 1.0 1.0 97.0 
-1.0 3.0 1.0 3.0 3.0 3.0 3.0 3.0 3.0 3.0 3.0 3.0 1.0 1.0 1.0 
-1.0 -1.0 3.0 3.0 3.0 3.0 3.0 3.0 3.0 3.0 3.0 3.0 3.0 3.0 3.0 
-1.0 0.0 2.0 3.0 3.0 2.0 2.0 3.0 3.0 3.0 9.0 9.0 2.0 2.0 2.0 
0.0 0.0 0.0 2.0 3.0 0.0 0.0 2.0 3.0 2.0 9.01 111.0 37.0 0.0 0.0 
0.0 0.0 106.01 0.0 302.0 0.0 0.0 0.0 17.0 38.0 0.0 0.0 0.0 0.0 0.0 
0.0 0.0 106.01 0.0 0.0 0.0 0.0 0.0 0.0 0.0 0.0 0.0 0.0 0.0 0.0 
0.0 0.0 106.01 0.0 0.0 0.0 0.0 0.0 0.0 0.0 0.0 0.0 0.0 0.0 0.0 
0.0 0.0 106.01 0.0 0.0 0.0 0.0 0.0 0.0 0.0 0.0 0.0 0.0 0.0 0.0 
0.0 0.0 106.01 0.0 0.0 0.0 0.0 0.0 17.0 0.0 0.0 0.0 0.0 0.0 -1.0 
0.0 0.0 106.01 0.0 18.12 0.0 18.12 17.0 17.0 17.0 0.0 0.0 -1.0 -1.0 -1.0 
0.0 0.0 106.01 18.12 18.12 18.12 18.12 18.12 18.12 17.0 17.0 0.0 0.0 -1.0 -1.0 
0.0 0.0 0.0 0.0 0.0 18.06 18.05 18.06 18.06 18.12 18.12 18.12 0.0 -1.0 -1.0 
0.0 0.0 0.0 0.0 0.0 0.0 0.0 0.0 0.0 0.0 18.06 18.06 0.0 0.0 -1.0 
0.0 0.0 0.0 0.0 0.0 0.0 0.0 0.0 0.0 0.0 0.0 0.0 0.0 -1.0 -1.0 
-1.0 0.0 0.0 0.0 0.0 0.0 -1.0 0.0 0.0 0.0 0.0 0.0 0.0 0.0 -1.0 
-1.0 -1.0 -1.0 -1.0 -1.0 -1.0 -1.0 -1.0 -1.0 -1.0 -1.0 -1.0 -1.0 -1.0 -1.0 
-1.0 -1.0 -1.0 -1.0 -1.0 -1.0 -1.0 1.0 1.0 -1.0 -1.0 -1.0 -1.0 -1.0 -1.0 
-1.0 -1.0 1.0 1.0 1.0 1.0 1.0 1.0 1.0 1.0 1.0 1.0 -1.0 -1.0 -1.0 
-1.0 1.0 1.0 3.0 14.0 1.0 3.0 3.0 1.0 3.0 3.0 3.0 1.0 -1.0 -1.0 
-1.0 -1.0 1.0 3.0 3.0 3.0 3.0 3.0 3.0 3.0 3.0 1.0 1.0 1.0 1.0 
-1.0 -1.0 1.0 3.0 3.0 3.0 3.0 3.0 3.0 3.0 3.0 3.0 1.0 1.0 97.0 
-1.0 -1.0 3.0 3.0 3.0 3.0 3.0 3.0 3.0 3.0 3.0 2.0 2.0 3.0 3.0 
-1.0 0.0 2.0 2.0 2.0 2.0 2.0 3.0 3.0 3.0 3.0 9.0 9.0 2.0 2.0 
0.0 0.0 0.0 0.0 0.0 38.0 91.02 3.0 3.0 9.0 9.0 9.01 111.0 0.0 0.0 
0.0 0.0 0.0 0.0 0.0 0.0 0.0 17.0 17.0 17.0 91.0 0.0 0.0 0.0 0.0 
0.0 0.0 0.0 0.0 0.0 0.0 0.0 0.0 17.0 17.0 0.0 0.0 0.0 0.0 0.0 
0.0 0.0 0.0 0.0 0.0 0.0 0.0 0.0 17.0 0.0 0.0 0.0 0.0 0.0 0.0 
0.0 0.0 0.0 0.0 0.0 0.0 0.0 17.0 17.0 17.0 0.0 0.0 0.0 0.0 0.0 
0.0 0.0 0.0 0.0 0.0 0.0 18.12 17.0 17.0 17.0 0.0 0.0 0.0 0.0 0.0 
0.0 0.0 0.0 0.0 0.0 0.0 18.12 17.0 17.0 17.0 0.0 0.0 0.0 0.0 0.0 
0.0 0.0 0.0 0.0 0.0 0.0 18.12 17.0 17.0 17.0 0.0 0.0 0.0 0.0 0.0 
0.0 0.0 0.0 0.0 0.0 0.0 18.05 18.12 18.12 18.12 18.12 0.0 0.0 0.0 -1.0 
0.0 0.0 0.0 0.0 0.0 0.0 0.0 301.02 0.0 0.0 18.05 18.04 18.04 18.04 -1.0 
0.0 0.0 0.0 0.0 0.0 0.0 0.0 0.0 0.0 0.0 106.01 18.06 18.06 0.0 -1.0 
-1.0 0.0 0.0 0.0 0.0 0.0 0.0 0.0 0.0 0.0 0.0 0.0 0.0 0.0 -1.0 
-1.0 -1.0 -1.0 -1.0 -1.0 -1.0 -1.0 -1.0 -1.0 -1.0 -1.0 -1.0 -1.0 -1.0 -1.0 
-1.0 -1.0 -1.0 -1.0 -1.0 -1.0 -1.0 -1.0 -1.0 -1.0 -1.0 -1.0 -1.0 -1.0 -1.0 
-1.0 -1.0 -1.0 1.0 1.0 1.0 1.0 1.0 1.0 1.0 1.0 -1.0 -1.0 -1.0 -1.0 
-1.0 -1.0 1.0 3.0 3.0 21.0 1.0 21.0 21.0 3.0 1.0 1.0 1.0 -1.0 -1.0 
-1.0 -1.0 1.0 3.0 3.0 1.0 1.0 3.0 3.0 3.0 3.0 1.0 1.0 1.0 -1.0 
-1.0 -1.0 1.0 3.0 3.0 1.0 1.0 3.0 3.0 3.0 3.0 3.0 1.0 1.0 -1.0 
-1.0 -1.0 3.0 3.0 3.0 3.0 3.0 3.0 3.0 3.0 3.0 3.0 3.0 3.0 3.0 
0.0 0.0 2.0 2.0 2.0 2.0 3.0 3.0 3.0 3.0 3.0 3.0 3.0 2.0 2.0 
0.0 0.0 0.0 0.0 0.0 0.0 2.0 3.0 3.0 3.0 3.0 9.0 2.0 0.0 0.0 
0.0 0.0 106.01 0.0 0.0 0.0 0.0 17.0 17.0 17.0 17.0 111.0 37.0 0.0 0.0 
0.0 0.0 106.01 0.0 0.0 0.0 0.0 17.0 17.0 17.0 0.0 0.0 106.04 0.0 0.0 
0.0 0.0 106.01 0.0 0.0 0.0 0.0 0.0 17.0 17.0 0.0 0.0 106.04 0.0 0.0 
0.0 0.0 106.01 0.0 0.0 0.0 0.0 0.0 17.0 0.0 0.0 0.0 106.04 0.0 0.0 
0.0 0.0 106.01 0.0 0.0 0.0 0.0 17.0 17.0 0.0 0.0 0.0 106.04 0.0 0.0 
0.0 0.0 106.01 0.0 0.0 0.0 18.12 18.12 17.0 0.0 0.0 0.0 106.04 0.0 0.0 
-1.0 0.0 106.01 18.13 18.12 18.12 18.12 18.12 17.0 17.0 17.0 18.12 106.04 0.0 0.0 
0.0 0.0 0.0 18.06 18.06 18.12 18.12 18.12 18.12 18.05 17.0 18.12 106.04 0.0 0.0 
0.0 0.0 0.0 0.0 18.06 0.0 106.08 0.0 0.0 106.01 18.04 18.04 18.04 18.04 -1.0 
-1.0 0.0 0.0 0.0 0.0 0.0 0.0 106.08 0.0 106.01 18.06 18.04 18.04 0.0 -1.0 
-1.0 0.0 0.0 0.0 0.0 0.0 0.0 0.0 0.0 0.0 0.0 0.0 0.0 0.0 -1.0 
-1.0 -1.0 -1.0 -1.0 -1.0 -1.0 -1.0 -1.0 -1.0 -1.0 -1.0 -1.0 -1.0 -1.0 -1.0 
-1.0 -1.0 -1.0 -1.0 -1.0 -1.0 -1.0 -1.0 -1.0 -1.0 -1.0 -1.0 -1.0 -1.0 -1.0 
-1.0 -1.0 -1.0 -1.0 1.0 1.0 1.0 1.0 1.0 1.0 -1.0 -1.0 -1.0 -1.0 -1.0 
-1.0 -1.0 -1.0 1.0 3.0 21.0 21.0 21.0 3.0 1.0 1.0 1.0 -1.0 -1.0 -1.0 
-1.0 -1.0 1.0 1.0 3.0 1.0 3.0 3.0 3.0 3.0 1.0 1.0 1.0 1.0 -1.0 
-1.0 -1.0 1.0 1.0 3.0 3.0 3.0 3.0 3.0 3.0 3.0 1.0 1.0 1.0 -1.0 
-1.0 -1.0 3.0 2.0 3.0 3.0 3.0 3.0 3.0 3.0 3.0 3.0 3.0 3.0 -1.0 
-1.0 0.0 2.0 0.0 2.0 3.0 3.0 3.0 3.0 3.0 3.0 3.0 3.0 2.0 -1.0 
0.0 0.0 0.0 0.0 0.0 2.0 2.0 3.0 3.0 3.0 9.0 9.0 2.0 0.0 0.0 
0.0 0.0 0.0 0.0 0.0 0.0 37.0 17.0 17.0 17.0 111.0 0.0 38.0 0.0 0.0 
0.0 0.0 0.0 0.0 0.0 0.0 0.0 106.01 17.0 106.04 0.0 0.0 0.0 0.0 0.0 
0.0 0.0 0.0 106.01 0.0 0.0 0.0 0.0 0.0 106.04 0.0 106.02 0.0 0.0 0.0 
0.0 0.0 0.0 106.01 0.0 0.0 0.0 0.0 0.0 106.04 0.0 106.02 0.0 0.0 0.0 
0.0 0.0 0.0 106.01 0.0 0.0 0.0 106.0 0.0 106.04 0.0 106.02 0.0 0.0 0.0 
-1.0 0.0 0.0 106.01 18.12 18.12 18.12 18.12 18.12 106.04 0.0 106.02 0.0 0.0 0.0 
-1.0 0.0 0.0 18.12 17.0 17.0 0.0 17.0 17.0 18.12 18.12 106.02 0.0 0.0 0.0 
-1.0 0.0 0.0 18.12 17.0 18.12 18.12 18.12 18.12 18.05 17.0 17.0 18.04 0.0 0.0 
-1.0 0.0 0.0 18.06 18.12 106.01 18.05 18.12 18.13 106.01 18.04 17.0 18.04 18.04 0.0 
-1.0 0.0 0.0 0.0 0.0 0.0 0.0 18.06 0.0 0.0 18.06 18.04 18.04 0.0 -1.0 
-1.0 0.0 0.0 0.0 0.0 0.0 0.0 0.0 0.0 0.0 -1.0 0.0 0.0 0.0 -1.0 
-1.0 -1.0 -1.0 -1.0 -1.0 -1.0 -1.0 -1.0 -1.0 -1.0 -1.0 -1.0 -1.0 -1.0 -1.0 
-1.0 -1.0 -1.0 -1.0 -1.0 -1.0 -1.0 -1.0 -1.0 -1.0 -1.0 -1.0 -1.0 -1.0 -1.0 
-1.0 -1.0 -1.0 -1.0 -1.0 -1.0 1.0 1.0 1.0 -1.0 -1.0 -1.0 -1.0 -1.0 -1.0 
-1.0 -1.0 -1.0 -1.0 1.0 1.0 3.0 3.0 21.0 1.0 1.0 -1.0 -1.0 -1.0 -1.0 
-1.0 -1.0 1.0 1.0 1.0 1.0 3.0 3.0 1.0 1.0 1.0 1.0 1.0 1.0 -1.0 
-1.0 -1.0 1.0 1.0 3.0 3.0 3.0 3.0 3.0 3.0 3.0 1.0 1.0 3.0 -1.0 
-1.0 -1.0 2.0 2.0 3.0 3.0 3.0 3.0 3.0 3.0 3.0 3.0 3.0 -1.0 -1.0 
-1.0 0.0 0.0 0.0 2.0 2.0 3.0 3.0 3.0 3.0 3.0 3.0 2.0 -1.0 -1.0 
-1.0 0.0 0.0 0.0 0.0 0.0 2.0 3.0 2.0 9.0 9.0 2.0 0.0 0.0 -1.0 
0.0 0.0 0.0 0.0 0.0 0.0 0.0 300.0 106.02 0.0 111.0 0.0 0.0 0.0 0.0 
-1.0 0.0 0.0 0.0 0.0 0.0 0.0 0.0 106.02 0.0 0.0 0.0 0.0 0.0 0.0 
0.0 0.0 0.0 0.0 0.0 0.0 0.0 0.0 0.0 0.0 0.0 0.0 0.0 0.0 0.0 
0.0 0.0 0.0 0.0 0.0 0.0 0.0 0.0 0.0 0.0 0.0 0.0 0.0 0.0 0.0 
-1.0 0.0 0.0 0.0 0.0 0.0 0.0 106.02 0.0 0.0 0.0 0.0 0.0 0.0 0.0 
-1.0 0.0 0.0 0.0 0.0 18.12 106.02 106.02 106.02 0.0 0.0 0.0 0.0 0.0 0.0 
-1.0 0.0 0.0 0.0 18.12 17.0 17.0 17.0 18.12 0.0 0.0 0.0 0.0 0.0 0.0 
-1.0 0.0 0.0 18.05 18.12 18.12 17.0 18.12 18.06 0.0 18.12 18.12 0.0 0.0 0.0 
-1.0 0.0 0.0 106.02 106.01 18.06 18.04 18.12 18.12 0.0 18.04 17.0 18.04 0.0 0.0 
-1.0 0.0 0.0 0.0 0.0 0.0 18.06 18.12 18.14 0.0 0.0 18.04 0.0 0.0 0.0 
-1.0 -1.0 0.0 0.0 0.0 0.0 0.0 0.0 0.0 0.0 -1.0 0.0 0.0 0.0 -1.0 
-1.0 -1.0 -1.0 -1.0 -1.0 -1.0 -1.0 -1.0 -1.0 -1.0 -1.0 -1.0 -1.0 -1.0 -1.0 
-1.0 -1.0 -1.0 -1.0 -1.0 -1.0 -1.0 -1.0 -1.0 -1.0 -1.0 -1.0 -1.0 -1.0 -1.0 
-1.0 -1.0 -1.0 -1.0 -1.0 -1.0 -1.0 -1.0 -1.0 -1.0 -1.0 -1.0 -1.0 -1.0 -1.0 
-1.0 -1.0 -1.0 -1.0 -1.0 1.0 1.0 1.0 1.0 1.0 -1.0 -1.0 -1.0 -1.0 -1.0 
-1.0 -1.0 -1.0 1.0 1.0 1.0 1.0 1.0 1.0 1.0 1.0 1.0 1.0 -1.0 -1.0 
-1.0 -1.0 -1.0 3.0 1.0 3.0 3.0 3.0 1.0 3.0 1.0 1.0 1.0 -1.0 -1.0 
-1.0 -1.0 -1.0 -1.0 2.0 3.0 3.0 3.0 3.0 3.0 3.0 3.0 3.0 -1.0 -1.0 
-1.0 -1.0 0.0 0.0 0.0 2.0 3.0 3.0 3.0 3.0 3.0 2.0 2.0 -1.0 -1.0 
-1.0 0.0 0.0 0.0 0.0 0.0 2.0 2.0 2.0 2.0 2.0 0.0 0.0 -1.0 -1.0 
-1.0 0.0 0.0 0.0 0.0 0.0 0.0 0.0 0.0 0.0 0.0 0.0 0.0 0.0 0.0 
-1.0 0.0 0.0 0.0 0.0 0.0 0.0 0.0 0.0 0.0 0.0 0.0 0.0 0.0 0.0 
-1.0 0.0 0.0 0.0 0.0 0.0 0.0 0.0 0.0 0.0 0.0 0.0 0.0 0.0 0.0 
-1.0 0.0 0.0 0.0 0.0 0.0 -1.0 0.0 0.0 0.0 0.0 0.0 0.0 0.0 0.0 
-1.0 0.0 0.0 0.0 0.0 0.0 0.0 0.0 0.0 0.0 0.0 0.0 0.0 0.0 0.0 
-1.0 0.0 0.0 0.0 0.0 18.12 0.0 0.0 0.0 0.0 0.0 0.0 0.0 0.0 0.0 
-1.0 0.0 0.0 0.0 0.0 18.12 18.12 0.0 18.12 0.0 0.0 0.0 0.0 0.0 0.0 
-1.0 0.0 0.0 0.0 18.12 18.12 17.0 18.12 18.06 0.0 0.0 0.0 0.0 0.0 0.0 
-1.0 0.0 0.0 0.0 106.01 18.04 17.0 17.0 18.12 18.06 0.0 18.04 0.0 0.0 0.0 
-1.0 0.0 0.0 0.0 0.0 106.01 18.04 18.04 18.04 0.0 0.0 -1.0 0.0 -1.0 -1.0 
-1.0 -1.0 -1.0 0.0 0.0 0.0 0.0 18.06 0.0 0.0 -1.0 -1.0 -1.0 -1.0 -1.0 
-1.0 -1.0 -1.0 -1.0 -1.0 -1.0 -1.0 -1.0 -1.0 -1.0 -1.0 -1.0 -1.0 -1.0 -1.0 
-1.0 -1.0 -1.0 -1.0 -1.0 -1.0 -1.0 -1.0 -1.0 -1.0 -1.0 -1.0 -1.0 -1.0 -1.0 
-1.0 -1.0 -1.0 -1.0 -1.0 -1.0 -1.0 -1.0 -1.0 -1.0 -1.0 -1.0 -1.0 -1.0 -1.0 
-1.0 -1.0 -1.0 -1.0 -1.0 -1.0 -1.0 -1.0 -1.0 -1.0 -1.0 -1.0 -1.0 -1.0 -1.0 
-1.0 -1.0 -1.0 -1.0 1.0 1.0 1.0 1.0 1.0 1.0 1.0 1.0 -1.0 -1.0 -1.0 
-1.0 -1.0 -1.0 -1.0 1.0 1.0 1.0 1.0 97.0 1.0 1.0 1.0 -1.0 -1.0 -1.0 
-1.0 -1.0 -1.0 -1.0 2.0 3.0 3.0 3.0 3.0 3.0 3.0 3.0 -1.0 -1.0 -1.0 
-1.0 -1.0 -1.0 0.0 0.0 2.0 2.0 2.0 3.0 3.0 2.0 2.0 -1.0 -1.0 -1.0 
-1.0 -1.0 0.0 0.0 0.0 0.0 0.0 0.0 2.0 2.0 0.0 0.0 0.0 -1.0 -1.0 
-1.0 0.0 0.0 0.0 0.0 0.0 0.0 0.0 0.0 0.0 0.0 0.0 0.0 0.0 -1.0 
-1.0 0.0 0.0 0.0 0.0 0.0 0.0 0.0 0.0 0.0 0.0 0.0 0.0 0.0 -1.0 
-1.0 0.0 0.0 0.0 0.0 -1.0 0.0 0.0 0.0 0.0 0.0 0.0 0.0 0.0 -1.0 
-1.0 0.0 0.0 0.0 -1.0 -1.0 -1.0 -1.0 0.0 0.0 0.0 0.0 0.0 0.0 0.0 
-1.0 0.0 0.0 0.0 -1.0 -1.0 -1.0 -1.0 -1.0 0.0 0.0 0.0 0.0 0.0 -1.0 
-1.0 0.0 0.0 0.0 0.0 0.0 -1.0 0.0 0.0 0.0 0.0 0.0 0.0 0.0 0.0 
-1.0 0.0 0.0 0.0 0.0 0.0 18.12 0.0 0.0 0.0 0.0 0.0 0.0 0.0 -1.0 
-1.0 0.0 0.0 0.0 0.0 18.12 18.12 18.12 18.06 0.0 0.0 -1.0 0.0 0.0 0.0 
-1.0 0.0 0.0 0.0 106.01 18.04 18.04 17.0 17.0 18.12 0.0 0.0 0.0 -1.0 -1.0 
-1.0 -1.0 -1.0 0.0 0.0 0.0 106.01 18.04 18.04 18.06 0.0 0.0 -1.0 -1.0 -1.0 
-1.0 -1.0 -1.0 0.0 0.0 0.0 0.0 18.06 0.0 0.0 0.0 0.0 -1.0 -1.0 -1.0 
-1.0 -1.0 -1.0 -1.0 -1.0 -1.0 -1.0 -1.0 -1.0 -1.0 -1.0 -1.0 -1.0 -1.0 -1.0 
-1.0 -1.0 -1.0 -1.0 -1.0 -1.0 -1.0 -1.0 -1.0 -1.0 -1.0 -1.0 -1.0 -1.0 -1.0 
-1.0 -1.0 -1.0 -1.0 -1.0 -1.0 -1.0 -1.0 -1.0 -1.0 -1.0 -1.0 -1.0 -1.0 -1.0 
-1.0 -1.0 -1.0 -1.0 -1.0 -1.0 -1.0 -1.0 -1.0 -1.0 -1.0 -1.0 -1.0 -1.0 -1.0 
-1.0 -1.0 -1.0 -1.0 -1.0 -1.0 -1.0 -1.0 -1.0 -1.0 -1.0 -1.0 -1.0 -1.0 -1.0 
-1.0 -1.0 -1.0 -1.0 -1.0 -1.0 2.0 1.0 97.0 97.0 -1.0 -1.0 -1.0 -1.0 -1.0 
-1.0 -1.0 -1.0 -1.0 -1.0 -1.0 0.0 3.0 3.0 3.0 -1.0 -1.0 -1.0 -1.0 -1.0 
-1.0 -1.0 -1.0 -1.0 -1.0 0.0 0.0 2.0 2.0 2.0 -1.0 -1.0 -1.0 -1.0 -1.0 
-1.0 -1.0 -1.0 -1.0 0.0 0.0 0.0 0.0 0.0 0.0 0.0 -1.0 -1.0 -1.0 -1.0 
-1.0 -1.0 0.0 0.0 0.0 0.0 0.0 0.0 0.0 0.0 0.0 -1.0 -1.0 -1.0 -1.0 
-1.0 0.0 0.0 0.0 0.0 0.0 0.0 0.0 0.0 0.0 0.0 0.0 -1.0 -1.0 -1.0 
-1.0 -1.0 0.0 0.0 0.0 -1.0 -1.0 0.0 0.0 0.0 0.0 0.0 0.0 -1.0 -1.0 
-1.0 -1.0 -1.0 -1.0 -1.0 -1.0 -1.0 -1.0 -1.0 -1.0 0.0 0.0 0.0 0.0 -1.0 
-1.0 -1.0 0.0 -1.0 -1.0 -1.0 -1.0 -1.0 -1.0 -1.0 -1.0 0.0 0.0 0.0 -1.0 
-1.0 0.0 0.0 0.0 -1.0 -1.0 -1.0 -1.0 -1.0 -1.0 0.0 0.0 -1.0 -1.0 -1.0 
-1.0 -1.0 0.0 0.0 0.0 -1.0 -1.0 0.0 0.0 0.0 0.0 -1.0 -1.0 -1.0 -1.0 
-1.0 -1.0 0.0 0.0 0.0 0.0 18.04 18.06 106.02 0.0 -1.0 -1.0 0.0 -1.0 -1.0 
-1.0 -1.0 -1.0 0.0 0.0 0.0 18.06 18.04 18.04 18.06 0.0 0.0 -1.0 -1.0 -1.0 
-1.0 -1.0 -1.0 0.0 0.0 0.0 106.01 18.06 18.06 106.04 0.0 0.0 -1.0 -1.0 -1.0 
-1.0 -1.0 -1.0 -1.0 0.0 0.0 0.0 0.0 0.0 0.0 0.0 -1.0 -1.0 -1.0 -1.0 
